x;y
0;0.151631
1;0.151623
2;0.151617
3;0.151612
4;0.151608
5;0.151606
6;0.151604
7;0.151603
8;0.151599
9;0.151594
10;0.151592
11;0.151590
12;0.151585
13;0.151581
14;0.151580
15;0.151578
16;0.151575
17;0.151572
18;0.151571
19;0.151567
20;0.151564
21;0.151562
22;0.151561
23;0.151557
24;0.151553
25;0.151553
26;0.151551
27;0.151548
28;0.151545
29;0.151544
30;0.151541
31;0.151538
32;0.151536
33;0.151534
34;0.151532
35;0.151529
36;0.151528
37;0.151526
38;0.151524
39;0.151521
40;0.151519
41;0.151518
42;0.151516
43;0.151513
44;0.151511
45;0.151510
46;0.151508
47;0.151505
48;0.151503
49;0.151502
50;0.151500
51;0.151497
52;0.151496
53;0.151494
54;0.151491
55;0.151489
56;0.151488
57;0.151487
58;0.151484
59;0.151482
60;0.151481
61;0.151479
62;0.151477
63;0.151475
64;0.151474
65;0.151472
66;0.151469
67;0.151468
68;0.151467
69;0.151465
70;0.151462
71;0.151461
72;0.151460
73;0.151458
74;0.151455
75;0.151454
76;0.151453
77;0.151451
78;0.151449
79;0.151447
80;0.151446
81;0.151444
82;0.151442
83;0.151441
84;0.151439
85;0.151437
86;0.151435
87;0.151434
88;0.151433
89;0.151431
90;0.151429
91;0.151427
92;0.151427
93;0.151424
94;0.151422
95;0.151421
96;0.151420
97;0.151418
98;0.151416
99;0.151415
100;0.151414
101;0.151411
102;0.151409
103;0.151409
104;0.151407
105;0.151405
106;0.151403
107;0.151403
108;0.151401
109;0.151399
110;0.151397
111;0.151397
112;0.151395
113;0.151393
114;0.151391
115;0.151390
116;0.151389
117;0.151387
118;0.151386
119;0.151384
120;0.151383
121;0.151381
122;0.151379
123;0.151378
124;0.151377
125;0.151375
126;0.151373
127;0.151372
128;0.151371
129;0.151369
130;0.151367
131;0.151367
132;0.151365
133;0.151363
134;0.151362
135;0.151361
136;0.151359
137;0.151357
138;0.151356
139;0.151356
140;0.151354
141;0.151351
142;0.151351
143;0.151350
144;0.151348
145;0.151346
146;0.151345
147;0.151344
148;0.151342
149;0.151340
150;0.151340
151;0.151338
152;0.151336
153;0.151335
154;0.151334
155;0.151333
156;0.151331
157;0.151329
158;0.151329
159;0.151327
160;0.151325
161;0.151324
162;0.151323
163;0.151322
164;0.151320
165;0.151319
166;0.151317
167;0.151316
168;0.151315
169;0.151313
170;0.151312
171;0.151311
172;0.151309
173;0.151308
174;0.151307
175;0.151306
176;0.151304
177;0.151302
178;0.151302
179;0.151301
180;0.151298
181;0.151297
182;0.151297
183;0.151295
184;0.151293
185;0.151292
186;0.151292
187;0.151290
188;0.151288
189;0.151287
190;0.151286
191;0.151285
192;0.151282
193;0.151282
194;0.151281
195;0.151279
196;0.151278
197;0.151277
198;0.151276
199;0.151274
200;0.151273
201;0.151272
202;0.151271
203;0.151269
204;0.151268
205;0.151267
206;0.151266
207;0.151264
208;0.151263
209;0.151262
210;0.151261
211;0.151259
212;0.151258
213;0.151257
214;0.151256
215;0.151254
216;0.151253
217;0.151252
218;0.151251
219;0.151249
220;0.151248
221;0.151247
222;0.151246
223;0.151244
224;0.151243
225;0.151243
226;0.151242
227;0.151239
228;0.151238
229;0.151238
230;0.151237
231;0.151235
232;0.151234
233;0.151233
234;0.151232
235;0.151230
236;0.151229
237;0.151229
238;0.151227
239;0.151225
240;0.151225
241;0.151224
242;0.151223
243;0.151221
244;0.151220
245;0.151219
246;0.151218
247;0.151217
248;0.151216
249;0.151215
250;0.151214
251;0.151212
252;0.151211
253;0.151211
254;0.151209
255;0.151208
256;0.151207
257;0.151207
258;0.151205
259;0.151203
260;0.151203
261;0.151202
262;0.151201
263;0.151199
264;0.151199
265;0.151198
266;0.151197
267;0.151195
268;0.151195
269;0.151194
270;0.151193
271;0.151191
272;0.151191
273;0.151191
274;0.151189
275;0.151187
276;0.151187
277;0.151187
278;0.151185
279;0.151184
280;0.151184
281;0.151183
282;0.151181
283;0.151181
284;0.151180
285;0.151179
286;0.151178
287;0.151177
288;0.151177
289;0.151176
290;0.151175
291;0.151174
292;0.151174
293;0.151173
294;0.151172
295;0.151171
296;0.151171
297;0.151170
298;0.151169
299;0.151168
300;0.151168
301;0.151167
302;0.151166
303;0.151166
304;0.151166
305;0.151165
306;0.151163
307;0.151163
308;0.151164
309;0.151163
310;0.151161
311;0.151161
312;0.151162
313;0.151161
314;0.151159
315;0.151160
316;0.151160
317;0.151159
318;0.151158
319;0.151158
320;0.151158
321;0.151157
322;0.151157
323;0.151157
324;0.151157
325;0.151156
326;0.151156
327;0.151156
328;0.151157
329;0.151156
330;0.151156
331;0.151156
332;0.151156
333;0.151156
334;0.151156
335;0.151156
336;0.151156
337;0.151156
338;0.151156
339;0.151157
340;0.151157
341;0.151157
342;0.151157
343;0.151158
344;0.151159
345;0.151158
346;0.151158
347;0.151160
348;0.151161
349;0.151160
350;0.151161
351;0.151162
352;0.151163
353;0.151163
354;0.151164
355;0.151165
356;0.151166
357;0.151166
358;0.151167
359;0.151169
360;0.151170
361;0.151170
362;0.151172
363;0.151174
364;0.151175
365;0.151176
366;0.151177
367;0.151180
368;0.151181
369;0.151182
370;0.151184
371;0.151186
372;0.151187
373;0.151189
374;0.151192
375;0.151194
376;0.151195
377;0.151197
378;0.151200
379;0.151203
380;0.151205
381;0.151207
382;0.151210
383;0.151213
384;0.151216
385;0.151218
386;0.151221
387;0.151225
388;0.151227
389;0.151230
390;0.151234
391;0.151238
392;0.151241
393;0.151244
394;0.151249
395;0.151253
396;0.151256
397;0.151260
398;0.151265
399;0.151270
400;0.151273
401;0.151278
402;0.151283
403;0.151288
404;0.151292
405;0.151298
406;0.151304
407;0.151309
408;0.151314
409;0.151320
410;0.151327
411;0.151332
412;0.151338
413;0.151344
414;0.151352
415;0.151358
416;0.151365
417;0.151372
418;0.151379
419;0.151387
420;0.151394
421;0.151402
422;0.151410
423;0.151419
424;0.151427
425;0.151435
426;0.151445
427;0.151454
428;0.151462
429;0.151472
430;0.151483
431;0.151492
432;0.151502
433;0.151513
434;0.151524
435;0.151535
436;0.151545
437;0.151557
438;0.151570
439;0.151581
440;0.151593
441;0.151606
442;0.151620
443;0.151632
444;0.151645
445;0.151660
446;0.151674
447;0.151688
448;0.151702
449;0.151718
450;0.151734
451;0.151749
452;0.151765
453;0.151782
454;0.151799
455;0.151816
456;0.151834
457;0.151852
458;0.151870
459;0.151889
460;0.151908
461;0.151928
462;0.151948
463;0.151968
464;0.151989
465;0.152010
466;0.152032
467;0.152054
468;0.152076
469;0.152100
470;0.152124
471;0.152147
472;0.152172
473;0.152197
474;0.152223
475;0.152248
476;0.152275
477;0.152303
478;0.152330
479;0.152357
480;0.152386
481;0.152417
482;0.152446
483;0.152476
484;0.152507
485;0.152539
486;0.152571
487;0.152603
488;0.152637
489;0.152672
490;0.152706
491;0.152740
492;0.152777
493;0.152814
494;0.152851
495;0.152888
496;0.152927
497;0.152967
498;0.153006
499;0.153047
500;0.153089
501;0.153131
502;0.153174
503;0.153217
504;0.153262
505;0.153307
506;0.153352
507;0.153399
508;0.153447
509;0.153495
510;0.153544
511;0.153593
512;0.153644
513;0.153696
514;0.153748
515;0.153800
516;0.153855
517;0.153910
518;0.153965
519;0.154021
520;0.154079
521;0.154138
522;0.154197
523;0.154256
524;0.154318
525;0.154380
526;0.154442
527;0.154506
528;0.154571
529;0.154637
530;0.154702
531;0.154770
532;0.154839
533;0.154908
534;0.154978
535;0.155049
536;0.155122
537;0.155195
538;0.155269
539;0.155345
540;0.155421
541;0.155498
542;0.155576
543;0.155656
544;0.155736
545;0.155817
546;0.155899
547;0.155983
548;0.156068
549;0.156153
550;0.156239
551;0.156326
552;0.156415
553;0.156505
554;0.156595
555;0.156686
556;0.156780
557;0.156873
558;0.156967
559;0.157063
560;0.157161
561;0.157258
562;0.157356
563;0.157457
564;0.157558
565;0.157660
566;0.157762
567;0.157867
568;0.157973
569;0.158078
570;0.158184
571;0.158293
572;0.158403
573;0.158512
574;0.158623
575;0.158736
576;0.158850
577;0.158963
578;0.159078
579;0.159195
580;0.159312
581;0.159429
582;0.159549
583;0.159669
584;0.159790
585;0.159911
586;0.160034
587;0.160159
588;0.160283
589;0.160408
590;0.160535
591;0.160662
592;0.160790
593;0.160919
594;0.161049
595;0.161180
596;0.161312
597;0.161444
598;0.161577
599;0.161711
600;0.161846
601;0.161981
602;0.162117
603;0.162255
604;0.162392
605;0.162530
606;0.162669
607;0.162809
608;0.162949
609;0.163090
610;0.163232
611;0.163375
612;0.163517
613;0.163660
614;0.163804
615;0.163949
616;0.164093
617;0.164238
618;0.164384
619;0.164531
620;0.164677
621;0.164824
622;0.164972
623;0.165120
624;0.165267
625;0.165415
626;0.165565
627;0.165714
628;0.165863
629;0.166013
630;0.166163
631;0.166313
632;0.166462
633;0.166611
634;0.166762
635;0.166913
636;0.167063
637;0.167213
638;0.167364
639;0.167514
640;0.167663
641;0.167812
642;0.167962
643;0.168112
644;0.168261
645;0.168410
646;0.168561
647;0.168710
648;0.168857
649;0.169003
650;0.169151
651;0.169298
652;0.169444
653;0.169590
654;0.169737
655;0.169882
656;0.170023
657;0.170165
658;0.170306
659;0.170446
660;0.170586
661;0.170727
662;0.170869
663;0.171009
664;0.171146
665;0.171283
666;0.171417
667;0.171549
668;0.171681
669;0.171812
670;0.171940
671;0.172065
672;0.172187
673;0.172308
674;0.172428
675;0.172547
676;0.172664
677;0.172782
678;0.172899
679;0.173010
680;0.173120
681;0.173229
682;0.173333
683;0.173430
684;0.173523
685;0.173616
686;0.173707
687;0.173794
688;0.173877
689;0.173957
690;0.174035
691;0.174110
692;0.174181
693;0.174249
694;0.174314
695;0.174373
696;0.174430
697;0.174484
698;0.174536
699;0.174585
700;0.174631
701;0.174675
702;0.174716
703;0.174754
704;0.174788
705;0.174820
706;0.174848
707;0.174873
708;0.174894
709;0.174913
710;0.174927
711;0.174937
712;0.174943
713;0.174946
714;0.174945
715;0.174941
716;0.174935
717;0.174929
718;0.174920
719;0.174907
720;0.174893
721;0.174877
722;0.174856
723;0.174830
724;0.174803
725;0.174774
726;0.174741
727;0.174706
728;0.174671
729;0.174634
730;0.174592
731;0.174546
732;0.174498
733;0.174447
734;0.174394
735;0.174340
736;0.174287
737;0.174234
738;0.174177
739;0.174119
740;0.174061
741;0.173999
742;0.173930
743;0.173859
744;0.173788
745;0.173717
746;0.173646
747;0.173575
748;0.173504
749;0.173433
750;0.173358
751;0.173280
752;0.173199
753;0.173117
754;0.173033
755;0.172951
756;0.172871
757;0.172790
758;0.172708
759;0.172626
760;0.172542
761;0.172453
762;0.172363
763;0.172273
764;0.172185
765;0.172097
766;0.172008
767;0.171921
768;0.171835
769;0.171746
770;0.171654
771;0.171562
772;0.171470
773;0.171378
774;0.171286
775;0.171196
776;0.171106
777;0.171016
778;0.170924
779;0.170832
780;0.170739
781;0.170646
782;0.170554
783;0.170463
784;0.170373
785;0.170283
786;0.170192
787;0.170102
788;0.170010
789;0.169920
790;0.169829
791;0.169739
792;0.169650
793;0.169561
794;0.169472
795;0.169383
796;0.169294
797;0.169206
798;0.169119
799;0.169032
800;0.168945
801;0.168859
802;0.168774
803;0.168689
804;0.168604
805;0.168520
806;0.168436
807;0.168353
808;0.168270
809;0.168188
810;0.168107
811;0.168026
812;0.167945
813;0.167865
814;0.167785
815;0.167707
816;0.167629
817;0.167552
818;0.167476
819;0.167401
820;0.167325
821;0.167250
822;0.167175
823;0.167101
824;0.167029
825;0.166958
826;0.166886
827;0.166815
828;0.166745
829;0.166675
830;0.166606
831;0.166539
832;0.166472
833;0.166407
834;0.166341
835;0.166275
836;0.166211
837;0.166147
838;0.166085
839;0.166023
840;0.165963
841;0.165902
842;0.165841
843;0.165781
844;0.165722
845;0.165665
846;0.165609
847;0.165553
848;0.165498
849;0.165443
850;0.165389
851;0.165336
852;0.165285
853;0.165234
854;0.165184
855;0.165133
856;0.165082
857;0.165033
858;0.164985
859;0.164937
860;0.164891
861;0.164845
862;0.164798
863;0.164753
864;0.164709
865;0.164666
866;0.164625
867;0.164584
868;0.164543
869;0.164502
870;0.164463
871;0.164425
872;0.164387
873;0.164350
874;0.164313
875;0.164276
876;0.164239
877;0.164204
878;0.164169
879;0.164135
880;0.164101
881;0.164067
882;0.164034
883;0.164002
884;0.163971
885;0.163941
886;0.163911
887;0.163882
888;0.163852
889;0.163824
890;0.163796
891;0.163768
892;0.163741
893;0.163714
894;0.163687
895;0.163660
896;0.163635
897;0.163609
898;0.163584
899;0.163559
900;0.163534
901;0.163509
902;0.163486
903;0.163462
904;0.163439
905;0.163416
906;0.163393
907;0.163370
908;0.163348
909;0.163326
910;0.163305
911;0.163283
912;0.163262
913;0.163241
914;0.163221
915;0.163201
916;0.163181
917;0.163161
918;0.163140
919;0.163120
920;0.163099
921;0.163079
922;0.163058
923;0.163037
924;0.163017
925;0.162997
926;0.162977
927;0.162958
928;0.162939
929;0.162921
930;0.162903
931;0.162885
932;0.162868
933;0.162851
934;0.162834
935;0.162818
936;0.162801
937;0.162784
938;0.162767
939;0.162750
940;0.162732
941;0.162715
942;0.162699
943;0.162682
944;0.162665
945;0.162648
946;0.162632
947;0.162617
948;0.162601
949;0.162586
950;0.162570
951;0.162555
952;0.162539
953;0.162524
954;0.162508
955;0.162492
956;0.162476
957;0.162459
958;0.162442
959;0.162425
960;0.162408
961;0.162391
962;0.162375
963;0.162358
964;0.162341
965;0.162324
966;0.162308
967;0.162291
968;0.162275
969;0.162259
970;0.162242
971;0.162225
972;0.162208
973;0.162190
974;0.162172
975;0.162154
976;0.162136
977;0.162118
978;0.162099
979;0.162081
980;0.162062
981;0.162044
982;0.162025
983;0.162005
984;0.161986
985;0.161966
986;0.161947
987;0.161927
988;0.161906
989;0.161885
990;0.161863
991;0.161841
992;0.161819
993;0.161797
994;0.161775
995;0.161753
996;0.161731
997;0.161708
998;0.161686
999;0.161662
1000;0.161637
1001;0.161612
1002;0.161587
1003;0.161561
1004;0.161536
1005;0.161511
1006;0.161485
1007;0.161459
1008;0.161432
1009;0.161405
1010;0.161377
1011;0.161348
1012;0.161319
1013;0.161290
1014;0.161261
1015;0.161232
1016;0.161204
1017;0.161175
1018;0.161146
1019;0.161116
1020;0.161084
1021;0.161051
1022;0.161018
1023;0.160985
1024;0.160953
1025;0.160920
1026;0.160886
1027;0.160852
1028;0.160815
1029;0.160778
1030;0.160739
1031;0.160701
1032;0.160662
1033;0.160623
1034;0.160584
1035;0.160544
1036;0.160503
1037;0.160462
1038;0.160420
1039;0.160378
1040;0.160336
1041;0.160292
1042;0.160249
1043;0.160205
1044;0.160161
1045;0.160116
1046;0.160070
1047;0.160024
1048;0.159977
1049;0.159929
1050;0.159880
1051;0.159830
1052;0.159780
1053;0.159729
1054;0.159677
1055;0.159624
1056;0.159571
1057;0.159517
1058;0.159462
1059;0.159406
1060;0.159350
1061;0.159293
1062;0.159236
1063;0.159177
1064;0.159119
1065;0.159060
1066;0.159000
1067;0.158939
1068;0.158876
1069;0.158813
1070;0.158749
1071;0.158685
1072;0.158619
1073;0.158553
1074;0.158485
1075;0.158418
1076;0.158349
1077;0.158280
1078;0.158210
1079;0.158139
1080;0.158068
1081;0.157996
1082;0.157923
1083;0.157848
1084;0.157773
1085;0.157697
1086;0.157621
1087;0.157544
1088;0.157465
1089;0.157386
1090;0.157305
1091;0.157224
1092;0.157142
1093;0.157059
1094;0.156976
1095;0.156892
1096;0.156807
1097;0.156722
1098;0.156635
1099;0.156548
1100;0.156459
1101;0.156370
1102;0.156279
1103;0.156188
1104;0.156097
1105;0.156005
1106;0.155911
1107;0.155817
1108;0.155722
1109;0.155626
1110;0.155530
1111;0.155433
1112;0.155335
1113;0.155235
1114;0.155135
1115;0.155035
1116;0.154933
1117;0.154831
1118;0.154727
1119;0.154624
1120;0.154519
1121;0.154415
1122;0.154309
1123;0.154202
1124;0.154095
1125;0.153987
1126;0.153879
1127;0.153770
1128;0.153659
1129;0.153547
1130;0.153435
1131;0.153323
1132;0.153209
1133;0.153095
1134;0.152981
1135;0.152866
1136;0.152752
1137;0.152637
1138;0.152520
1139;0.152402
1140;0.152285
1141;0.152166
1142;0.152047
1143;0.151927
1144;0.151806
1145;0.151685
1146;0.151564
1147;0.151443
1148;0.151321
1149;0.151198
1150;0.151075
1151;0.150952
1152;0.150827
1153;0.150702
1154;0.150576
1155;0.150450
1156;0.150323
1157;0.150198
1158;0.150072
1159;0.149946
1160;0.149820
1161;0.149694
1162;0.149567
1163;0.149437
1164;0.149306
1165;0.149175
1166;0.149044
1167;0.148914
1168;0.148784
1169;0.148655
1170;0.148526
1171;0.148397
1172;0.148269
1173;0.148140
1174;0.148010
1175;0.147876
1176;0.147742
1177;0.147608
1178;0.147475
1179;0.147342
1180;0.147210
1181;0.147079
1182;0.146949
1183;0.146819
1184;0.146689
1185;0.146558
1186;0.146424
1187;0.146288
1188;0.146153
1189;0.146018
1190;0.145884
1191;0.145751
1192;0.145619
1193;0.145489
1194;0.145359
1195;0.145228
1196;0.145096
1197;0.144963
1198;0.144827
1199;0.144690
1200;0.144554
1201;0.144419
1202;0.144286
1203;0.144154
1204;0.144023
1205;0.143892
1206;0.143761
1207;0.143631
1208;0.143499
1209;0.143365
1210;0.143228
1211;0.143089
1212;0.142952
1213;0.142817
1214;0.142682
1215;0.142548
1216;0.142415
1217;0.142283
1218;0.142152
1219;0.142020
1220;0.141886
1221;0.141751
1222;0.141613
1223;0.141472
1224;0.141330
1225;0.141189
1226;0.141048
1227;0.140906
1228;0.140766
1229;0.140626
1230;0.140486
1231;0.140344
1232;0.140201
1233;0.140057
1234;0.139911
1235;0.139762
1236;0.139611
1237;0.139460
1238;0.139309
1239;0.139158
1240;0.139008
1241;0.138858
1242;0.138708
1243;0.138559
1244;0.138410
1245;0.138262
1246;0.138112
1247;0.137962
1248;0.137810
1249;0.137655
1250;0.137497
1251;0.137339
1252;0.137180
1253;0.137021
1254;0.136863
1255;0.136704
1256;0.136545
1257;0.136387
1258;0.136229
1259;0.136072
1260;0.135914
1261;0.135756
1262;0.135597
1263;0.135436
1264;0.135274
1265;0.135112
1266;0.134951
1267;0.134791
1268;0.134631
1269;0.134472
1270;0.134315
1271;0.134160
1272;0.134006
1273;0.133853
1274;0.133701
1275;0.133549
1276;0.133396
1277;0.133243
1278;0.133089
1279;0.132935
1280;0.132782
1281;0.132631
1282;0.132482
1283;0.132334
1284;0.132189
1285;0.132045
1286;0.131903
1287;0.131761
1288;0.131621
1289;0.131480
1290;0.131339
1291;0.131196
1292;0.131054
1293;0.130912
1294;0.130772
1295;0.130635
1296;0.130500
1297;0.130366
1298;0.130234
1299;0.130104
1300;0.129974
1301;0.129845
1302;0.129715
1303;0.129584
1304;0.129453
1305;0.129322
1306;0.129192
1307;0.129063
1308;0.128934
1309;0.128808
1310;0.128684
1311;0.128561
1312;0.128440
1313;0.128320
1314;0.128200
1315;0.128080
1316;0.127961
1317;0.127843
1318;0.127727
1319;0.127613
1320;0.127500
1321;0.127387
1322;0.127276
1323;0.127167
1324;0.127060
1325;0.126953
1326;0.126847
1327;0.126742
1328;0.126638
1329;0.126536
1330;0.126435
1331;0.126336
1332;0.126237
1333;0.126139
1334;0.126042
1335;0.125948
1336;0.125854
1337;0.125762
1338;0.125671
1339;0.125580
1340;0.125492
1341;0.125406
1342;0.125319
1343;0.125233
1344;0.125149
1345;0.125066
1346;0.124985
1347;0.124905
1348;0.124827
1349;0.124750
1350;0.124673
1351;0.124599
1352;0.124526
1353;0.124453
1354;0.124382
1355;0.124312
1356;0.124243
1357;0.124175
1358;0.124109
1359;0.124045
1360;0.123981
1361;0.123918
1362;0.123856
1363;0.123795
1364;0.123736
1365;0.123678
1366;0.123621
1367;0.123565
1368;0.123510
1369;0.123456
1370;0.123403
1371;0.123352
1372;0.123301
1373;0.123250
1374;0.123200
1375;0.123151
1376;0.123103
1377;0.123055
1378;0.123008
1379;0.122961
1380;0.122917
1381;0.122872
1382;0.122829
1383;0.122786
1384;0.122744
1385;0.122703
1386;0.122663
1387;0.122623
1388;0.122584
1389;0.122547
1390;0.122510
1391;0.122475
1392;0.122441
1393;0.122407
1394;0.122374
1395;0.122341
1396;0.122310
1397;0.122278
1398;0.122248
1399;0.122219
1400;0.122191
1401;0.122165
1402;0.122140
1403;0.122115
1404;0.122092
1405;0.122069
1406;0.122047
1407;0.122026
1408;0.122006
1409;0.121987
1410;0.121968
1411;0.121951
1412;0.121935
1413;0.121919
1414;0.121903
1415;0.121888
1416;0.121873
1417;0.121858
1418;0.121843
1419;0.121830
1420;0.121817
1421;0.121805
1422;0.121793
1423;0.121782
1424;0.121772
1425;0.121762
1426;0.121752
1427;0.121743
1428;0.121735
1429;0.121728
1430;0.121721
1431;0.121716
1432;0.121711
1433;0.121706
1434;0.121702
1435;0.121699
1436;0.121696
1437;0.121693
1438;0.121692
1439;0.121690
1440;0.121690
1441;0.121690
1442;0.121690
1443;0.121692
1444;0.121694
1445;0.121695
1446;0.121698
1447;0.121701
1448;0.121706
1449;0.121710
1450;0.121716
1451;0.121721
1452;0.121727
1453;0.121733
1454;0.121739
1455;0.121746
1456;0.121753
1457;0.121760
1458;0.121768
1459;0.121777
1460;0.121786
1461;0.121795
1462;0.121804
1463;0.121814
1464;0.121824
1465;0.121835
1466;0.121846
1467;0.121858
1468;0.121871
1469;0.121884
1470;0.121896
1471;0.121910
1472;0.121924
1473;0.121938
1474;0.121953
1475;0.121968
1476;0.121983
1477;0.122000
1478;0.122017
1479;0.122034
1480;0.122050
1481;0.122067
1482;0.122084
1483;0.122102
1484;0.122120
1485;0.122139
1486;0.122157
1487;0.122175
1488;0.122194
1489;0.122212
1490;0.122232
1491;0.122251
1492;0.122271
1493;0.122291
1494;0.122311
1495;0.122332
1496;0.122353
1497;0.122374
1498;0.122396
1499;0.122417
1500;0.122440
1501;0.122462
1502;0.122485
1503;0.122507
1504;0.122529
1505;0.122552
1506;0.122575
1507;0.122599
1508;0.122623
1509;0.122648
1510;0.122673
1511;0.122697
1512;0.122722
1513;0.122747
1514;0.122771
1515;0.122796
1516;0.122821
1517;0.122846
1518;0.122871
1519;0.122896
1520;0.122921
1521;0.122946
1522;0.122972
1523;0.122998
1524;0.123024
1525;0.123050
1526;0.123076
1527;0.123102
1528;0.123128
1529;0.123155
1530;0.123182
1531;0.123209
1532;0.123237
1533;0.123264
1534;0.123292
1535;0.123318
1536;0.123345
1537;0.123371
1538;0.123397
1539;0.123424
1540;0.123452
1541;0.123479
1542;0.123505
1543;0.123532
1544;0.123558
1545;0.123585
1546;0.123611
1547;0.123637
1548;0.123663
1549;0.123689
1550;0.123714
1551;0.123740
1552;0.123765
1553;0.123791
1554;0.123816
1555;0.123842
1556;0.123867
1557;0.123892
1558;0.123917
1559;0.123940
1560;0.123964
1561;0.123988
1562;0.124012
1563;0.124035
1564;0.124057
1565;0.124079
1566;0.124101
1567;0.124122
1568;0.124143
1569;0.124165
1570;0.124186
1571;0.124206
1572;0.124225
1573;0.124244
1574;0.124262
1575;0.124279
1576;0.124296
1577;0.124313
1578;0.124328
1579;0.124341
1580;0.124352
1581;0.124362
1582;0.124368
1583;0.124370
1584;0.124365
1585;0.124355
1586;0.124339
1587;0.124320
1588;0.124298
1589;0.124274
1590;0.124249
1591;0.124223
1592;0.124195
1593;0.124167
1594;0.124138
1595;0.124109
1596;0.124080
1597;0.124050
1598;0.124019
1599;0.123987
1600;0.123955
1601;0.123923
1602;0.123891
1603;0.123858
1604;0.123826
1605;0.123794
1606;0.123761
1607;0.123728
1608;0.123694
1609;0.123659
1610;0.123624
1611;0.123589
1612;0.123554
1613;0.123519
1614;0.123483
1615;0.123446
1616;0.123410
1617;0.123373
1618;0.123337
1619;0.123300
1620;0.123263
1621;0.123226
1622;0.123188
1623;0.123151
1624;0.123114
1625;0.123076
1626;0.123039
1627;0.123002
1628;0.122965
1629;0.122928
1630;0.122891
1631;0.122853
1632;0.122815
1633;0.122776
1634;0.122738
1635;0.122700
1636;0.122663
1637;0.122625
1638;0.122587
1639;0.122549
1640;0.122511
1641;0.122473
1642;0.122436
1643;0.122398
1644;0.122360
1645;0.122322
1646;0.122284
1647;0.122246
1648;0.122208
1649;0.122171
1650;0.122134
1651;0.122096
1652;0.122059
1653;0.122022
1654;0.121986
1655;0.121950
1656;0.121913
1657;0.121877
1658;0.121841
1659;0.121805
1660;0.121769
1661;0.121732
1662;0.121695
1663;0.121657
1664;0.121620
1665;0.121583
1666;0.121547
1667;0.121511
1668;0.121476
1669;0.121441
1670;0.121406
1671;0.121372
1672;0.121338
1673;0.121304
1674;0.121270
1675;0.121236
1676;0.121202
1677;0.121167
1678;0.121133
1679;0.121098
1680;0.121063
1681;0.121029
1682;0.120995
1683;0.120962
1684;0.120929
1685;0.120898
1686;0.120866
1687;0.120835
1688;0.120803
1689;0.120772
1690;0.120739
1691;0.120707
1692;0.120674
1693;0.120642
1694;0.120610
1695;0.120578
1696;0.120547
1697;0.120517
1698;0.120488
1699;0.120459
1700;0.120431
1701;0.120403
1702;0.120374
1703;0.120344
1704;0.120314
1705;0.120283
1706;0.120252
1707;0.120222
1708;0.120193
1709;0.120165
1710;0.120137
1711;0.120111
1712;0.120085
1713;0.120059
1714;0.120034
1715;0.120008
1716;0.119983
1717;0.119956
1718;0.119928
1719;0.119899
1720;0.119871
1721;0.119843
1722;0.119816
1723;0.119791
1724;0.119766
1725;0.119743
1726;0.119720
1727;0.119698
1728;0.119676
1729;0.119653
1730;0.119631
1731;0.119607
1732;0.119583
1733;0.119558
1734;0.119533
1735;0.119508
1736;0.119484
1737;0.119461
1738;0.119438
1739;0.119417
1740;0.119396
1741;0.119376
1742;0.119357
1743;0.119338
1744;0.119318
1745;0.119298
1746;0.119278
1747;0.119257
1748;0.119235
1749;0.119214
1750;0.119194
1751;0.119174
1752;0.119154
1753;0.119135
1754;0.119117
1755;0.119099
1756;0.119083
1757;0.119066
1758;0.119050
1759;0.119033
1760;0.119015
1761;0.118998
1762;0.118980
1763;0.118961
1764;0.118943
1765;0.118925
1766;0.118908
1767;0.118892
1768;0.118876
1769;0.118860
1770;0.118845
1771;0.118830
1772;0.118814
1773;0.118800
1774;0.118785
1775;0.118771
1776;0.118756
1777;0.118742
1778;0.118727
1779;0.118712
1780;0.118696
1781;0.118682
1782;0.118667
1783;0.118654
1784;0.118640
1785;0.118626
1786;0.118612
1787;0.118598
1788;0.118585
1789;0.118572
1790;0.118559
1791;0.118547
1792;0.118535
1793;0.118523
1794;0.118511
1795;0.118498
1796;0.118486
1797;0.118474
1798;0.118463
1799;0.118451
1800;0.118440
1801;0.118428
1802;0.118417
1803;0.118407
1804;0.118397
1805;0.118388
1806;0.118379
1807;0.118371
1808;0.118363
1809;0.118355
1810;0.118347
1811;0.118338
1812;0.118330
1813;0.118322
1814;0.118315
1815;0.118308
1816;0.118301
1817;0.118295
1818;0.118289
1819;0.118284
1820;0.118278
1821;0.118274
1822;0.118269
1823;0.118265
1824;0.118262
1825;0.118259
1826;0.118257
1827;0.118254
1828;0.118252
1829;0.118251
1830;0.118250
1831;0.118249
1832;0.118250
1833;0.118251
1834;0.118253
1835;0.118255
1836;0.118257
1837;0.118260
1838;0.118263
1839;0.118266
1840;0.118270
1841;0.118275
1842;0.118280
1843;0.118286
1844;0.118292
1845;0.118299
1846;0.118306
1847;0.118314
1848;0.118322
1849;0.118331
1850;0.118341
1851;0.118352
1852;0.118363
1853;0.118374
1854;0.118386
1855;0.118398
1856;0.118411
1857;0.118424
1858;0.118438
1859;0.118453
1860;0.118468
1861;0.118484
1862;0.118501
1863;0.118518
1864;0.118536
1865;0.118554
1866;0.118573
1867;0.118593
1868;0.118614
1869;0.118635
1870;0.118657
1871;0.118680
1872;0.118704
1873;0.118728
1874;0.118752
1875;0.118778
1876;0.118804
1877;0.118831
1878;0.118859
1879;0.118887
1880;0.118917
1881;0.118948
1882;0.118979
1883;0.119011
1884;0.119043
1885;0.119077
1886;0.119112
1887;0.119147
1888;0.119183
1889;0.119220
1890;0.119258
1891;0.119296
1892;0.119335
1893;0.119376
1894;0.119417
1895;0.119459
1896;0.119503
1897;0.119547
1898;0.119592
1899;0.119638
1900;0.119686
1901;0.119733
1902;0.119782
1903;0.119832
1904;0.119882
1905;0.119934
1906;0.119987
1907;0.120040
1908;0.120095
1909;0.120151
1910;0.120208
1911;0.120266
1912;0.120325
1913;0.120385
1914;0.120447
1915;0.120510
1916;0.120573
1917;0.120638
1918;0.120703
1919;0.120770
1920;0.120837
1921;0.120906
1922;0.120975
1923;0.121046
1924;0.121118
1925;0.121191
1926;0.121265
1927;0.121341
1928;0.121418
1929;0.121496
1930;0.121576
1931;0.121658
1932;0.121740
1933;0.121824
1934;0.121909
1935;0.121995
1936;0.122082
1937;0.122170
1938;0.122259
1939;0.122350
1940;0.122442
1941;0.122534
1942;0.122628
1943;0.122724
1944;0.122821
1945;0.122920
1946;0.123020
1947;0.123121
1948;0.123224
1949;0.123329
1950;0.123435
1951;0.123543
1952;0.123653
1953;0.123763
1954;0.123876
1955;0.123990
1956;0.124105
1957;0.124221
1958;0.124339
1959;0.124458
1960;0.124579
1961;0.124701
1962;0.124825
1963;0.124951
1964;0.125078
1965;0.125207
1966;0.125338
1967;0.125470
1968;0.125604
1969;0.125740
1970;0.125878
1971;0.126017
1972;0.126159
1973;0.126301
1974;0.126446
1975;0.126593
1976;0.126742
1977;0.126892
1978;0.127044
1979;0.127198
1980;0.127354
1981;0.127512
1982;0.127671
1983;0.127832
1984;0.127996
1985;0.128161
1986;0.128329
1987;0.128498
1988;0.128670
1989;0.128843
1990;0.129019
1991;0.129197
1992;0.129377
1993;0.129558
1994;0.129742
1995;0.129928
1996;0.130117
1997;0.130307
1998;0.130500
1999;0.130694
2000;0.130891
2001;0.131091
2002;0.131292
2003;0.131496
2004;0.131702
2005;0.131911
2006;0.132122
2007;0.132335
2008;0.132551
2009;0.132769
2010;0.132990
2011;0.133214
2012;0.133440
2013;0.133669
2014;0.133900
2015;0.134134
2016;0.134370
2017;0.134609
2018;0.134851
2019;0.135094
2020;0.135341
2021;0.135590
2022;0.135842
2023;0.136096
2024;0.136354
2025;0.136614
2026;0.136878
2027;0.137144
2028;0.137413
2029;0.137685
2030;0.137959
2031;0.138237
2032;0.138518
2033;0.138801
2034;0.139088
2035;0.139378
2036;0.139671
2037;0.139967
2038;0.140266
2039;0.140568
2040;0.140872
2041;0.141180
2042;0.141491
2043;0.141804
2044;0.142121
2045;0.142441
2046;0.142764
2047;0.143090
2048;0.143420
2049;0.143753
2050;0.144089
2051;0.144428
2052;0.144771
2053;0.145116
2054;0.145464
2055;0.145816
2056;0.146170
2057;0.146528
2058;0.146888
2059;0.147252
2060;0.147618
2061;0.147988
2062;0.148360
2063;0.148735
2064;0.149113
2065;0.149494
2066;0.149878
2067;0.150264
2068;0.150653
2069;0.151045
2070;0.151439
2071;0.151836
2072;0.152235
2073;0.152637
2074;0.153041
2075;0.153448
2076;0.153857
2077;0.154268
2078;0.154681
2079;0.155097
2080;0.155514
2081;0.155932
2082;0.156352
2083;0.156773
2084;0.157194
2085;0.157617
2086;0.158040
2087;0.158465
2088;0.158890
2089;0.159316
2090;0.159742
2091;0.160168
2092;0.160594
2093;0.161020
2094;0.161444
2095;0.161868
2096;0.162291
2097;0.162712
2098;0.163132
2099;0.163549
2100;0.163964
2101;0.164375
2102;0.164784
2103;0.165189
2104;0.165590
2105;0.165987
2106;0.166380
2107;0.166768
2108;0.167151
2109;0.167529
2110;0.167902
2111;0.168268
2112;0.168626
2113;0.168977
2114;0.169318
2115;0.169648
2116;0.169966
2117;0.170271
2118;0.170558
2119;0.170812
2120;0.171043
2121;0.171240
2122;0.171356
2123;0.171229
2124;0.170958
2125;0.170667
2126;0.170364
2127;0.170050
2128;0.169728
2129;0.169397
2130;0.169058
2131;0.168710
2132;0.168355
2133;0.167992
2134;0.167622
2135;0.167246
2136;0.166864
2137;0.166477
2138;0.166085
2139;0.165689
2140;0.165290
2141;0.164887
2142;0.164482
2143;0.164075
2144;0.163663
2145;0.163249
2146;0.162831
2147;0.162410
2148;0.161988
2149;0.161565
2150;0.161143
2151;0.160719
2152;0.160296
2153;0.159873
2154;0.159449
2155;0.159025
2156;0.158599
2157;0.158174
2158;0.157750
2159;0.157326
2160;0.156904
2161;0.156483
2162;0.156063
2163;0.155643
2164;0.155226
2165;0.154810
2166;0.154398
2167;0.153989
2168;0.153582
2169;0.153176
2170;0.152771
2171;0.152368
2172;0.151966
2173;0.151567
2174;0.151170
2175;0.150777
2176;0.150386
2177;0.149998
2178;0.149612
2179;0.149229
2180;0.148848
2181;0.148469
2182;0.148093
2183;0.147720
2184;0.147352
2185;0.146987
2186;0.146625
2187;0.146266
2188;0.145910
2189;0.145557
2190;0.145207
2191;0.144859
2192;0.144515
2193;0.144174
2194;0.143836
2195;0.143501
2196;0.143168
2197;0.142838
2198;0.142510
2199;0.142185
2200;0.141864
2201;0.141546
2202;0.141232
2203;0.140922
2204;0.140613
2205;0.140308
2206;0.140006
2207;0.139706
2208;0.139410
2209;0.139118
2210;0.138828
2211;0.138541
2212;0.138256
2213;0.137974
2214;0.137695
2215;0.137419
2216;0.137146
2217;0.136876
2218;0.136608
2219;0.136343
2220;0.136081
2221;0.135821
2222;0.135565
2223;0.135311
2224;0.135060
2225;0.134812
2226;0.134567
2227;0.134324
2228;0.134083
2229;0.133846
2230;0.133611
2231;0.133378
2232;0.133147
2233;0.132918
2234;0.132691
2235;0.132467
2236;0.132245
2237;0.132027
2238;0.131810
2239;0.131597
2240;0.131386
2241;0.131177
2242;0.130971
2243;0.130768
2244;0.130568
2245;0.130369
2246;0.130173
2247;0.129979
2248;0.129788
2249;0.129598
2250;0.129412
2251;0.129227
2252;0.129045
2253;0.128865
2254;0.128687
2255;0.128511
2256;0.128337
2257;0.128166
2258;0.127996
2259;0.127828
2260;0.127663
2261;0.127499
2262;0.127337
2263;0.127177
2264;0.127018
2265;0.126861
2266;0.126705
2267;0.126552
2268;0.126400
2269;0.126249
2270;0.126100
2271;0.125951
2272;0.125804
2273;0.125659
2274;0.125514
2275;0.125371
2276;0.125229
2277;0.125090
2278;0.124951
2279;0.124815
2280;0.124679
2281;0.124544
2282;0.124410
2283;0.124277
2284;0.124145
2285;0.124014
2286;0.123885
2287;0.123758
2288;0.123632
2289;0.123507
2290;0.123384
2291;0.123263
2292;0.123142
2293;0.123024
2294;0.122907
2295;0.122792
2296;0.122678
2297;0.122567
2298;0.122457
2299;0.122349
2300;0.122243
2301;0.122139
2302;0.122037
2303;0.121937
2304;0.121839
2305;0.121743
2306;0.121649
2307;0.121556
2308;0.121465
2309;0.121375
2310;0.121286
2311;0.121199
2312;0.121113
2313;0.121029
2314;0.120947
2315;0.120866
2316;0.120786
2317;0.120708
2318;0.120630
2319;0.120554
2320;0.120479
2321;0.120404
2322;0.120329
2323;0.120255
2324;0.120181
2325;0.120107
2326;0.120035
2327;0.119965
2328;0.119895
2329;0.119827
2330;0.119760
2331;0.119694
2332;0.119629
2333;0.119566
2334;0.119502
2335;0.119440
2336;0.119379
2337;0.119318
2338;0.119259
2339;0.119201
2340;0.119144
2341;0.119088
2342;0.119034
2343;0.118981
2344;0.118928
2345;0.118877
2346;0.118827
2347;0.118778
2348;0.118729
2349;0.118681
2350;0.118634
2351;0.118589
2352;0.118544
2353;0.118502
2354;0.118460
2355;0.118420
2356;0.118380
2357;0.118342
2358;0.118304
2359;0.118266
2360;0.118228
2361;0.118191
2362;0.118154
2363;0.118118
2364;0.118082
2365;0.118047
2366;0.118013
2367;0.117980
2368;0.117947
2369;0.117916
2370;0.117884
2371;0.117854
2372;0.117824
2373;0.117796
2374;0.117768
2375;0.117741
2376;0.117714
2377;0.117689
2378;0.117664
2379;0.117641
2380;0.117618
2381;0.117596
2382;0.117574
2383;0.117553
2384;0.117533
2385;0.117513
2386;0.117494
2387;0.117475
2388;0.117456
2389;0.117438
2390;0.117421
2391;0.117405
2392;0.117390
2393;0.117375
2394;0.117362
2395;0.117348
2396;0.117336
2397;0.117324
2398;0.117312
2399;0.117300
2400;0.117289
2401;0.117279
2402;0.117268
2403;0.117259
2404;0.117250
2405;0.117241
2406;0.117234
2407;0.117226
2408;0.117219
2409;0.117213
2410;0.117207
2411;0.117201
2412;0.117196
2413;0.117191
2414;0.117187
2415;0.117184
2416;0.117181
2417;0.117179
2418;0.117178
2419;0.117177
2420;0.117178
2421;0.117178
2422;0.117179
2423;0.117180
2424;0.117182
2425;0.117184
2426;0.117185
2427;0.117188
2428;0.117190
2429;0.117193
2430;0.117196
2431;0.117200
2432;0.117205
2433;0.117209
2434;0.117215
2435;0.117221
2436;0.117227
2437;0.117234
2438;0.117240
2439;0.117248
2440;0.117255
2441;0.117264
2442;0.117273
2443;0.117282
2444;0.117292
2445;0.117303
2446;0.117314
2447;0.117325
2448;0.117336
2449;0.117348
2450;0.117359
2451;0.117371
2452;0.117383
2453;0.117396
2454;0.117409
2455;0.117423
2456;0.117437
2457;0.117451
2458;0.117467
2459;0.117482
2460;0.117499
2461;0.117516
2462;0.117533
2463;0.117550
2464;0.117568
2465;0.117585
2466;0.117603
2467;0.117621
2468;0.117639
2469;0.117657
2470;0.117676
2471;0.117695
2472;0.117714
2473;0.117734
2474;0.117754
2475;0.117775
2476;0.117796
2477;0.117817
2478;0.117839
2479;0.117861
2480;0.117884
2481;0.117907
2482;0.117931
2483;0.117954
2484;0.117978
2485;0.118002
2486;0.118026
2487;0.118051
2488;0.118075
2489;0.118100
2490;0.118124
2491;0.118149
2492;0.118174
2493;0.118199
2494;0.118225
2495;0.118251
2496;0.118278
2497;0.118305
2498;0.118334
2499;0.118362
2500;0.118390
2501;0.118419
2502;0.118447
2503;0.118476
2504;0.118504
2505;0.118533
2506;0.118562
2507;0.118591
2508;0.118620
2509;0.118650
2510;0.118679
2511;0.118708
2512;0.118737
2513;0.118766
2514;0.118796
2515;0.118825
2516;0.118856
2517;0.118886
2518;0.118917
2519;0.118949
2520;0.118980
2521;0.119012
2522;0.119044
2523;0.119076
2524;0.119108
2525;0.119139
2526;0.119171
2527;0.119202
2528;0.119232
2529;0.119263
2530;0.119293
2531;0.119324
2532;0.119356
2533;0.119387
2534;0.119419
2535;0.119451
2536;0.119484
2537;0.119517
2538;0.119551
2539;0.119585
2540;0.119619
2541;0.119653
2542;0.119686
2543;0.119720
2544;0.119752
2545;0.119784
2546;0.119815
2547;0.119845
2548;0.119876
2549;0.119907
2550;0.119938
2551;0.119969
2552;0.120001
2553;0.120033
2554;0.120065
2555;0.120098
2556;0.120131
2557;0.120163
2558;0.120196
2559;0.120228
2560;0.120260
2561;0.120291
2562;0.120322
2563;0.120352
2564;0.120381
2565;0.120410
2566;0.120439
2567;0.120468
2568;0.120498
2569;0.120527
2570;0.120557
2571;0.120588
2572;0.120618
2573;0.120649
2574;0.120680
2575;0.120710
2576;0.120739
2577;0.120768
2578;0.120797
2579;0.120824
2580;0.120851
2581;0.120877
2582;0.120903
2583;0.120929
2584;0.120954
2585;0.120979
2586;0.121005
2587;0.121030
2588;0.121056
2589;0.121082
2590;0.121107
2591;0.121133
2592;0.121158
2593;0.121183
2594;0.121208
2595;0.121233
2596;0.121257
2597;0.121281
2598;0.121305
2599;0.121329
2600;0.121353
2601;0.121376
2602;0.121399
2603;0.121422
2604;0.121445
2605;0.121467
2606;0.121490
2607;0.121512
2608;0.121535
2609;0.121557
2610;0.121580
2611;0.121602
2612;0.121623
2613;0.121644
2614;0.121665
2615;0.121685
2616;0.121705
2617;0.121726
2618;0.121746
2619;0.121766
2620;0.121786
2621;0.121805
2622;0.121824
2623;0.121843
2624;0.121862
2625;0.121880
2626;0.121898
2627;0.121916
2628;0.121934
2629;0.121952
2630;0.121970
2631;0.121988
2632;0.122006
2633;0.122024
2634;0.122042
2635;0.122059
2636;0.122076
2637;0.122092
2638;0.122107
2639;0.122122
2640;0.122137
2641;0.122152
2642;0.122166
2643;0.122181
2644;0.122194
2645;0.122207
2646;0.122220
2647;0.122232
2648;0.122245
2649;0.122257
2650;0.122269
2651;0.122281
2652;0.122292
2653;0.122303
2654;0.122312
2655;0.122319
2656;0.122325
2657;0.122328
2658;0.122328
2659;0.122325
2660;0.122317
2661;0.122304
2662;0.122286
2663;0.122265
2664;0.122241
2665;0.122214
2666;0.122187
2667;0.122158
2668;0.122129
2669;0.122099
2670;0.122069
2671;0.122039
2672;0.122008
2673;0.121977
2674;0.121945
2675;0.121913
2676;0.121880
2677;0.121846
2678;0.121812
2679;0.121778
2680;0.121743
2681;0.121709
2682;0.121676
2683;0.121642
2684;0.121608
2685;0.121574
2686;0.121539
2687;0.121504
2688;0.121469
2689;0.121433
2690;0.121398
2691;0.121363
2692;0.121328
2693;0.121293
2694;0.121258
2695;0.121223
2696;0.121187
2697;0.121151
2698;0.121115
2699;0.121079
2700;0.121042
2701;0.121007
2702;0.120971
2703;0.120936
2704;0.120902
2705;0.120867
2706;0.120833
2707;0.120798
2708;0.120763
2709;0.120728
2710;0.120693
2711;0.120659
2712;0.120624
2713;0.120590
2714;0.120556
2715;0.120522
2716;0.120488
2717;0.120454
2718;0.120420
2719;0.120386
2720;0.120352
2721;0.120318
2722;0.120284
2723;0.120251
2724;0.120219
2725;0.120186
2726;0.120154
2727;0.120121
2728;0.120089
2729;0.120057
2730;0.120026
2731;0.119995
2732;0.119964
2733;0.119933
2734;0.119903
2735;0.119872
2736;0.119842
2737;0.119812
2738;0.119782
2739;0.119752
2740;0.119723
2741;0.119694
2742;0.119666
2743;0.119638
2744;0.119610
2745;0.119582
2746;0.119554
2747;0.119527
2748;0.119501
2749;0.119475
2750;0.119450
2751;0.119425
2752;0.119401
2753;0.119377
2754;0.119352
2755;0.119328
2756;0.119303
2757;0.119280
2758;0.119256
2759;0.119233
2760;0.119211
2761;0.119189
2762;0.119167
2763;0.119145
2764;0.119123
2765;0.119102
2766;0.119081
2767;0.119061
2768;0.119041
2769;0.119023
2770;0.119005
2771;0.118986
2772;0.118968
2773;0.118950
2774;0.118932
2775;0.118913
2776;0.118896
2777;0.118879
2778;0.118863
2779;0.118848
2780;0.118833
2781;0.118817
2782;0.118801
2783;0.118785
2784;0.118769
2785;0.118754
2786;0.118740
2787;0.118728
2788;0.118717
2789;0.118707
2790;0.118697
2791;0.118687
2792;0.118676
2793;0.118665
2794;0.118654
2795;0.118644
2796;0.118635
2797;0.118628
2798;0.118621
2799;0.118614
2800;0.118608
2801;0.118600
2802;0.118591
2803;0.118582
2804;0.118575
2805;0.118568
2806;0.118563
2807;0.118559
2808;0.118556
2809;0.118555
2810;0.118553
2811;0.118550
2812;0.118547
2813;0.118545
2814;0.118544
2815;0.118545
2816;0.118548
2817;0.118552
2818;0.118557
2819;0.118561
2820;0.118564
2821;0.118567
2822;0.118571
2823;0.118575
2824;0.118580
2825;0.118587
2826;0.118596
2827;0.118606
2828;0.118616
2829;0.118627
2830;0.118638
2831;0.118649
2832;0.118660
2833;0.118672
2834;0.118685
2835;0.118700
2836;0.118716
2837;0.118733
2838;0.118751
2839;0.118769
2840;0.118789
2841;0.118809
2842;0.118830
2843;0.118853
2844;0.118876
2845;0.118901
2846;0.118928
2847;0.118954
2848;0.118981
2849;0.119008
2850;0.119037
2851;0.119066
2852;0.119096
2853;0.119127
2854;0.119159
2855;0.119192
2856;0.119226
2857;0.119261
2858;0.119297
2859;0.119334
2860;0.119374
2861;0.119414
2862;0.119456
2863;0.119499
2864;0.119542
2865;0.119587
2866;0.119632
2867;0.119679
2868;0.119727
2869;0.119777
2870;0.119828
2871;0.119879
2872;0.119932
2873;0.119985
2874;0.120040
2875;0.120095
2876;0.120152
2877;0.120210
2878;0.120271
2879;0.120332
2880;0.120396
2881;0.120459
2882;0.120524
2883;0.120589
2884;0.120656
2885;0.120724
2886;0.120793
2887;0.120864
2888;0.120937
2889;0.121010
2890;0.121084
2891;0.121159
2892;0.121235
2893;0.121313
2894;0.121392
2895;0.121473
2896;0.121555
2897;0.121639
2898;0.121725
2899;0.121811
2900;0.121899
2901;0.121988
2902;0.122078
2903;0.122169
2904;0.122261
2905;0.122354
2906;0.122449
2907;0.122544
2908;0.122640
2909;0.122738
2910;0.122836
2911;0.122935
2912;0.123036
2913;0.123138
2914;0.123242
2915;0.123347
2916;0.123453
2917;0.123561
2918;0.123669
2919;0.123778
2920;0.123888
2921;0.124000
2922;0.124112
2923;0.124225
2924;0.124339
2925;0.124454
2926;0.124571
2927;0.124688
2928;0.124807
2929;0.124928
2930;0.125049
2931;0.125172
2932;0.125297
2933;0.125423
2934;0.125550
2935;0.125678
2936;0.125808
2937;0.125938
2938;0.126070
2939;0.126202
2940;0.126335
2941;0.126470
2942;0.126606
2943;0.126743
2944;0.126882
2945;0.127023
2946;0.127165
2947;0.127308
2948;0.127452
2949;0.127598
2950;0.127745
2951;0.127893
2952;0.128042
2953;0.128193
2954;0.128344
2955;0.128497
2956;0.128650
2957;0.128804
2958;0.128959
2959;0.129114
2960;0.129270
2961;0.129426
2962;0.129584
2963;0.129742
2964;0.129902
2965;0.130062
2966;0.130224
2967;0.130387
2968;0.130550
2969;0.130714
2970;0.130878
2971;0.131042
2972;0.131207
2973;0.131371
2974;0.131535
2975;0.131697
2976;0.131859
2977;0.132020
2978;0.132180
2979;0.132339
2980;0.132497
2981;0.132655
2982;0.132812
2983;0.132969
2984;0.133126
2985;0.133284
2986;0.133441
2987;0.133599
2988;0.133756
2989;0.133913
2990;0.134070
2991;0.134227
2992;0.134382
2993;0.134537
2994;0.134691
2995;0.134844
2996;0.134996
2997;0.135147
2998;0.135297
2999;0.135447
3000;0.135596
3001;0.135744
3002;0.135889
3003;0.136033
3004;0.136176
3005;0.136317
3006;0.136457
3007;0.136596
3008;0.136734
3009;0.136872
3010;0.137008
3011;0.137142
3012;0.137276
3013;0.137408
3014;0.137539
3015;0.137670
3016;0.137801
3017;0.137930
3018;0.138058
3019;0.138186
3020;0.138314
3021;0.138441
3022;0.138568
3023;0.138694
3024;0.138820
3025;0.138946
3026;0.139071
3027;0.139197
3028;0.139321
3029;0.139446
3030;0.139569
3031;0.139692
3032;0.139814
3033;0.139935
3034;0.140056
3035;0.140176
3036;0.140297
3037;0.140417
3038;0.140538
3039;0.140659
3040;0.140778
3041;0.140898
3042;0.141016
3043;0.141135
3044;0.141253
3045;0.141371
3046;0.141487
3047;0.141603
3048;0.141718
3049;0.141833
3050;0.141947
3051;0.142061
3052;0.142174
3053;0.142286
3054;0.142398
3055;0.142509
3056;0.142619
3057;0.142729
3058;0.142837
3059;0.142944
3060;0.143051
3061;0.143158
3062;0.143264
3063;0.143369
3064;0.143473
3065;0.143576
3066;0.143678
3067;0.143779
3068;0.143878
3069;0.143976
3070;0.144071
3071;0.144164
3072;0.144256
3073;0.144346
3074;0.144436
3075;0.144525
3076;0.144612
3077;0.144697
3078;0.144782
3079;0.144865
3080;0.144946
3081;0.145025
3082;0.145101
3083;0.145174
3084;0.145245
3085;0.145313
3086;0.145379
3087;0.145443
3088;0.145505
3089;0.145565
3090;0.145623
3091;0.145677
3092;0.145728
3093;0.145773
3094;0.145814
3095;0.145849
3096;0.145877
3097;0.145901
3098;0.145920
3099;0.145934
3100;0.145943
3101;0.145949
3102;0.145951
3103;0.145948
3104;0.145943
3105;0.145933
3106;0.145918
3107;0.145898
3108;0.145873
3109;0.145844
3110;0.145811
3111;0.145775
3112;0.145734
3113;0.145689
3114;0.145641
3115;0.145589
3116;0.145534
3117;0.145474
3118;0.145412
3119;0.145346
3120;0.145277
3121;0.145205
3122;0.145128
3123;0.145048
3124;0.144966
3125;0.144881
3126;0.144793
3127;0.144702
3128;0.144608
3129;0.144512
3130;0.144414
3131;0.144315
3132;0.144213
3133;0.144109
3134;0.144004
3135;0.143896
3136;0.143786
3137;0.143673
3138;0.143557
3139;0.143439
3140;0.143320
3141;0.143199
3142;0.143077
3143;0.142954
3144;0.142829
3145;0.142703
3146;0.142576
3147;0.142447
3148;0.142317
3149;0.142187
3150;0.142056
3151;0.141926
3152;0.141794
3153;0.141662
3154;0.141529
3155;0.141394
3156;0.141259
3157;0.141122
3158;0.140985
3159;0.140848
3160;0.140711
3161;0.140573
3162;0.140436
3163;0.140297
3164;0.140159
3165;0.140020
3166;0.139880
3167;0.139740
3168;0.139601
3169;0.139462
3170;0.139323
3171;0.139185
3172;0.139046
3173;0.138906
3174;0.138766
3175;0.138625
3176;0.138485
3177;0.138344
3178;0.138205
3179;0.138066
3180;0.137928
3181;0.137791
3182;0.137654
3183;0.137517
3184;0.137380
3185;0.137244
3186;0.137108
3187;0.136973
3188;0.136836
3189;0.136701
3190;0.136565
3191;0.136432
3192;0.136299
3193;0.136167
3194;0.136036
3195;0.135905
3196;0.135776
3197;0.135648
3198;0.135521
3199;0.135395
3200;0.135270
3201;0.135145
3202;0.135021
3203;0.134897
3204;0.134774
3205;0.134650
3206;0.134527
3207;0.134406
3208;0.134285
3209;0.134166
3210;0.134049
3211;0.133933
3212;0.133818
3213;0.133705
3214;0.133593
3215;0.133482
3216;0.133371
3217;0.133261
3218;0.133153
3219;0.133045
3220;0.132938
3221;0.132833
3222;0.132728
3223;0.132624
3224;0.132521
3225;0.132418
3226;0.132316
3227;0.132215
3228;0.132115
3229;0.132015
3230;0.131915
3231;0.131817
3232;0.131720
3233;0.131624
3234;0.131529
3235;0.131435
3236;0.131342
3237;0.131250
3238;0.131159
3239;0.131069
3240;0.130980
3241;0.130892
3242;0.130806
3243;0.130721
3244;0.130637
3245;0.130554
3246;0.130470
3247;0.130388
3248;0.130307
3249;0.130226
3250;0.130147
3251;0.130069
3252;0.129992
3253;0.129917
3254;0.129843
3255;0.129770
3256;0.129698
3257;0.129627
3258;0.129556
3259;0.129486
3260;0.129418
3261;0.129350
3262;0.129283
3263;0.129216
3264;0.129151
3265;0.129087
3266;0.129024
3267;0.128963
3268;0.128902
3269;0.128842
3270;0.128783
3271;0.128725
3272;0.128668
3273;0.128612
3274;0.128556
3275;0.128501
3276;0.128447
3277;0.128394
3278;0.128341
3279;0.128289
3280;0.128238
3281;0.128188
3282;0.128138
3283;0.128090
3284;0.128043
3285;0.127998
3286;0.127953
3287;0.127910
3288;0.127867
3289;0.127826
3290;0.127786
3291;0.127746
3292;0.127708
3293;0.127670
3294;0.127633
3295;0.127596
3296;0.127561
3297;0.127526
3298;0.127492
3299;0.127459
3300;0.127427
3301;0.127396
3302;0.127365
3303;0.127336
3304;0.127307
3305;0.127279
3306;0.127252
3307;0.127227
3308;0.127202
3309;0.127178
3310;0.127155
3311;0.127132
3312;0.127111
3313;0.127090
3314;0.127069
3315;0.127050
3316;0.127031
3317;0.127012
3318;0.126994
3319;0.126977
3320;0.126961
3321;0.126946
3322;0.126931
3323;0.126918
3324;0.126905
3325;0.126894
3326;0.126883
3327;0.126873
3328;0.126863
3329;0.126854
3330;0.126846
3331;0.126838
3332;0.126830
3333;0.126823
3334;0.126816
3335;0.126810
3336;0.126805
3337;0.126801
3338;0.126797
3339;0.126795
3340;0.126793
3341;0.126792
3342;0.126792
3343;0.126793
3344;0.126795
3345;0.126797
3346;0.126801
3347;0.126805
3348;0.126810
3349;0.126815
3350;0.126821
3351;0.126828
3352;0.126836
3353;0.126844
3354;0.126853
3355;0.126862
3356;0.126871
3357;0.126881
3358;0.126892
3359;0.126904
3360;0.126916
3361;0.126929
3362;0.126943
3363;0.126958
3364;0.126974
3365;0.126990
3366;0.127007
3367;0.127025
3368;0.127044
3369;0.127063
3370;0.127083
3371;0.127103
3372;0.127123
3373;0.127143
3374;0.127164
3375;0.127186
3376;0.127208
3377;0.127230
3378;0.127253
3379;0.127277
3380;0.127302
3381;0.127327
3382;0.127353
3383;0.127380
3384;0.127408
3385;0.127437
3386;0.127466
3387;0.127496
3388;0.127526
3389;0.127557
3390;0.127589
3391;0.127621
3392;0.127653
3393;0.127686
3394;0.127720
3395;0.127754
3396;0.127788
3397;0.127823
3398;0.127859
3399;0.127895
3400;0.127932
3401;0.127970
3402;0.128008
3403;0.128047
3404;0.128087
3405;0.128128
3406;0.128169
3407;0.128211
3408;0.128254
3409;0.128296
3410;0.128340
3411;0.128383
3412;0.128428
3413;0.128472
3414;0.128518
3415;0.128563
3416;0.128610
3417;0.128657
3418;0.128704
3419;0.128752
3420;0.128800
3421;0.128849
3422;0.128899
3423;0.128948
3424;0.128998
3425;0.129049
3426;0.129099
3427;0.129150
3428;0.129200
3429;0.129251
3430;0.129303
3431;0.129354
3432;0.129406
3433;0.129458
3434;0.129511
3435;0.129565
3436;0.129619
3437;0.129674
3438;0.129729
3439;0.129786
3440;0.129842
3441;0.129899
3442;0.129957
3443;0.130015
3444;0.130073
3445;0.130132
3446;0.130190
3447;0.130247
3448;0.130304
3449;0.130361
3450;0.130417
3451;0.130473
3452;0.130529
3453;0.130584
3454;0.130641
3455;0.130697
3456;0.130754
3457;0.130811
3458;0.130869
3459;0.130927
3460;0.130985
3461;0.131043
3462;0.131101
3463;0.131158
3464;0.131214
3465;0.131269
3466;0.131324
3467;0.131378
3468;0.131431
3469;0.131484
3470;0.131537
3471;0.131590
3472;0.131643
3473;0.131696
3474;0.131749
3475;0.131803
3476;0.131856
3477;0.131909
3478;0.131961
3479;0.132013
3480;0.132065
3481;0.132116
3482;0.132167
3483;0.132217
3484;0.132266
3485;0.132314
3486;0.132360
3487;0.132406
3488;0.132451
3489;0.132495
3490;0.132539
3491;0.132583
3492;0.132626
3493;0.132669
3494;0.132712
3495;0.132753
3496;0.132793
3497;0.132833
3498;0.132871
3499;0.132909
3500;0.132945
3501;0.132980
3502;0.133014
3503;0.133046
3504;0.133077
3505;0.133106
3506;0.133134
3507;0.133160
3508;0.133185
3509;0.133209
3510;0.133232
3511;0.133254
3512;0.133274
3513;0.133293
3514;0.133311
3515;0.133328
3516;0.133344
3517;0.133358
3518;0.133370
3519;0.133380
3520;0.133387
3521;0.133393
3522;0.133396
3523;0.133397
3524;0.133396
3525;0.133394
3526;0.133390
3527;0.133384
3528;0.133378
3529;0.133369
3530;0.133359
3531;0.133346
3532;0.133332
3533;0.133317
3534;0.133299
3535;0.133278
3536;0.133254
3537;0.133227
3538;0.133198
3539;0.133168
3540;0.133135
3541;0.133100
3542;0.133063
3543;0.133024
3544;0.132983
3545;0.132941
3546;0.132897
3547;0.132851
3548;0.132805
3549;0.132756
3550;0.132706
3551;0.132653
3552;0.132599
3553;0.132542
3554;0.132483
3555;0.132422
3556;0.132359
3557;0.132295
3558;0.132229
3559;0.132162
3560;0.132092
3561;0.132022
3562;0.131950
3563;0.131877
3564;0.131803
3565;0.131727
3566;0.131649
3567;0.131571
3568;0.131491
3569;0.131411
3570;0.131330
3571;0.131248
3572;0.131165
3573;0.131082
3574;0.130998
3575;0.130913
3576;0.130828
3577;0.130742
3578;0.130655
3579;0.130568
3580;0.130479
3581;0.130390
3582;0.130300
3583;0.130209
3584;0.130117
3585;0.130023
3586;0.129929
3587;0.129834
3588;0.129739
3589;0.129643
3590;0.129546
3591;0.129449
3592;0.129353
3593;0.129256
3594;0.129159
3595;0.129062
3596;0.128964
3597;0.128865
3598;0.128766
3599;0.128665
3600;0.128563
3601;0.128461
3602;0.128358
3603;0.128254
3604;0.128149
3605;0.128045
3606;0.127939
3607;0.127834
3608;0.127727
3609;0.127620
3610;0.127513
3611;0.127406
3612;0.127298
3613;0.127190
3614;0.127081
3615;0.126972
3616;0.126862
3617;0.126751
3618;0.126639
3619;0.126526
3620;0.126411
3621;0.126296
3622;0.126179
3623;0.126062
3624;0.125944
3625;0.125825
3626;0.125705
3627;0.125584
3628;0.125461
3629;0.125338
3630;0.125213
3631;0.125086
3632;0.124957
3633;0.124826
3634;0.124693
3635;0.124557
3636;0.124418
3637;0.124276
3638;0.124131
3639;0.123985
3640;0.123837
3641;0.123687
3642;0.123536
3643;0.123382
3644;0.123227
3645;0.123071
3646;0.122914
3647;0.122755
3648;0.122595
3649;0.122435
3650;0.122274
3651;0.122112
3652;0.121949
3653;0.121783
3654;0.121612
3655;0.121437
3656;0.121261
3657;0.121083
3658;0.120906
3659;0.120728
3660;0.120551
3661;0.120374
3662;0.120197
3663;0.120020
3664;0.119841
3665;0.119663
3666;0.119484
3667;0.119305
3668;0.119128
3669;0.118951
3670;0.118776
3671;0.118601
3672;0.118426
3673;0.118252
3674;0.118076
3675;0.117899
3676;0.117723
3677;0.117547
3678;0.117372
3679;0.117199
3680;0.117027
3681;0.116855
3682;0.116685
3683;0.116515
3684;0.116345
3685;0.116175
3686;0.116006
3687;0.115837
3688;0.115668
3689;0.115500
3690;0.115332
3691;0.115164
3692;0.114997
3693;0.114830
3694;0.114662
3695;0.114493
3696;0.114324
3697;0.114154
3698;0.113984
3699;0.113814
3700;0.113646
3701;0.113478
3702;0.113311
3703;0.113145
3704;0.112980
3705;0.112816
3706;0.112654
3707;0.112493
3708;0.112333
3709;0.112175
3710;0.112018
3711;0.111862
3712;0.111708
3713;0.111554
3714;0.111402
3715;0.111251
3716;0.111102
3717;0.110954
3718;0.110808
3719;0.110664
3720;0.110521
3721;0.110380
3722;0.110240
3723;0.110101
3724;0.109964
3725;0.109828
3726;0.109693
3727;0.109558
3728;0.109425
3729;0.109293
3730;0.109162
3731;0.109033
3732;0.108905
3733;0.108779
3734;0.108653
3735;0.108530
3736;0.108407
3737;0.108286
3738;0.108166
3739;0.108048
3740;0.107931
3741;0.107815
3742;0.107701
3743;0.107587
3744;0.107475
3745;0.107365
3746;0.107256
3747;0.107148
3748;0.107041
3749;0.106936
3750;0.106832
3751;0.106731
3752;0.106630
3753;0.106532
3754;0.106435
3755;0.106340
3756;0.106246
3757;0.106154
3758;0.106063
3759;0.105973
3760;0.105886
3761;0.105799
3762;0.105715
3763;0.105631
3764;0.105549
3765;0.105469
3766;0.105389
3767;0.105310
3768;0.105232
3769;0.105155
3770;0.105079
3771;0.105004
3772;0.104930
3773;0.104858
3774;0.104786
3775;0.104716
3776;0.104647
3777;0.104580
3778;0.104514
3779;0.104449
3780;0.104385
3781;0.104323
3782;0.104261
3783;0.104201
3784;0.104143
3785;0.104085
3786;0.104029
3787;0.103974
3788;0.103920
3789;0.103868
3790;0.103816
3791;0.103765
3792;0.103716
3793;0.103668
3794;0.103621
3795;0.103575
3796;0.103531
3797;0.103488
3798;0.103446
3799;0.103406
3800;0.103366
3801;0.103328
3802;0.103291
3803;0.103254
3804;0.103219
3805;0.103184
3806;0.103150
3807;0.103117
3808;0.103085
3809;0.103053
3810;0.103023
3811;0.102994
3812;0.102965
3813;0.102937
3814;0.102910
3815;0.102884
3816;0.102859
3817;0.102836
3818;0.102813
3819;0.102792
3820;0.102771
3821;0.102752
3822;0.102733
3823;0.102715
3824;0.102698
3825;0.102682
3826;0.102667
3827;0.102652
3828;0.102638
3829;0.102625
3830;0.102613
3831;0.102601
3832;0.102590
3833;0.102580
3834;0.102571
3835;0.102564
3836;0.102557
3837;0.102551
3838;0.102546
3839;0.102542
3840;0.102539
3841;0.102536
3842;0.102534
3843;0.102532
3844;0.102531
3845;0.102529
3846;0.102528
3847;0.102528
3848;0.102528
3849;0.102528
3850;0.102530
3851;0.102532
3852;0.102536
3853;0.102540
3854;0.102545
3855;0.102552
3856;0.102559
3857;0.102566
3858;0.102575
3859;0.102583
3860;0.102593
3861;0.102603
3862;0.102613
3863;0.102624
3864;0.102635
3865;0.102647
3866;0.102659
3867;0.102672
3868;0.102685
3869;0.102698
3870;0.102712
3871;0.102726
3872;0.102741
3873;0.102757
3874;0.102773
3875;0.102790
3876;0.102807
3877;0.102824
3878;0.102842
3879;0.102861
3880;0.102880
3881;0.102899
3882;0.102918
3883;0.102938
3884;0.102958
3885;0.102979
3886;0.103000
3887;0.103021
3888;0.103043
3889;0.103065
3890;0.103088
3891;0.103111
3892;0.103136
3893;0.103160
3894;0.103185
3895;0.103211
3896;0.103237
3897;0.103264
3898;0.103290
3899;0.103317
3900;0.103344
3901;0.103371
3902;0.103399
3903;0.103427
3904;0.103455
3905;0.103483
3906;0.103512
3907;0.103541
3908;0.103571
3909;0.103602
3910;0.103633
3911;0.103665
3912;0.103697
3913;0.103730
3914;0.103763
3915;0.103796
3916;0.103830
3917;0.103864
3918;0.103898
3919;0.103932
3920;0.103966
3921;0.104001
3922;0.104036
3923;0.104072
3924;0.104107
3925;0.104144
3926;0.104180
3927;0.104217
3928;0.104255
3929;0.104292
3930;0.104330
3931;0.104368
3932;0.104407
3933;0.104446
3934;0.104485
3935;0.104524
3936;0.104563
3937;0.104603
3938;0.104642
3939;0.104681
3940;0.104720
3941;0.104759
3942;0.104798
3943;0.104838
3944;0.104879
3945;0.104920
3946;0.104961
3947;0.105003
3948;0.105045
3949;0.105088
3950;0.105131
3951;0.105174
3952;0.105217
3953;0.105260
3954;0.105303
3955;0.105345
3956;0.105388
3957;0.105430
3958;0.105472
3959;0.105514
3960;0.105556
3961;0.105598
3962;0.105640
3963;0.105683
3964;0.105726
3965;0.105770
3966;0.105813
3967;0.105857
3968;0.105901
3969;0.105944
3970;0.105987
3971;0.106029
3972;0.106070
3973;0.106112
3974;0.106153
3975;0.106194
3976;0.106234
3977;0.106274
3978;0.106314
3979;0.106353
3980;0.106392
3981;0.106431
3982;0.106470
3983;0.106509
3984;0.106548
3985;0.106587
3986;0.106626
3987;0.106664
3988;0.106702
3989;0.106740
3990;0.106776
3991;0.106811
3992;0.106845
3993;0.106877
3994;0.106908
3995;0.106937
3996;0.106963
3997;0.106988
3998;0.107010
3999;0.107027
4000;0.107040
4001;0.107046
4002;0.107044
4003;0.107035
4004;0.107019
4005;0.106998
4006;0.106974
4007;0.106947
4008;0.106918
4009;0.106889
4010;0.106858
4011;0.106826
4012;0.106794
4013;0.106761
4014;0.106728
4015;0.106695
4016;0.106662
4017;0.106628
4018;0.106593
4019;0.106558
4020;0.106521
4021;0.106485
4022;0.106447
4023;0.106408
4024;0.106369
4025;0.106329
4026;0.106288
4027;0.106247
4028;0.106205
4029;0.106163
4030;0.106121
4031;0.106078
4032;0.106036
4033;0.105993
4034;0.105950
4035;0.105907
4036;0.105863
4037;0.105819
4038;0.105775
4039;0.105730
4040;0.105686
4041;0.105641
4042;0.105596
4043;0.105550
4044;0.105504
4045;0.105458
4046;0.105411
4047;0.105364
4048;0.105317
4049;0.105268
4050;0.105220
4051;0.105172
4052;0.105123
4053;0.105074
4054;0.105025
4055;0.104977
4056;0.104928
4057;0.104881
4058;0.104833
4059;0.104784
4060;0.104736
4061;0.104687
4062;0.104637
4063;0.104588
4064;0.104538
4065;0.104488
4066;0.104438
4067;0.104388
4068;0.104338
4069;0.104289
4070;0.104239
4071;0.104190
4072;0.104141
4073;0.104092
4074;0.104043
4075;0.103994
4076;0.103945
4077;0.103896
4078;0.103847
4079;0.103798
4080;0.103748
4081;0.103698
4082;0.103648
4083;0.103598
4084;0.103549
4085;0.103499
4086;0.103450
4087;0.103401
4088;0.103353
4089;0.103304
4090;0.103256
4091;0.103208
4092;0.103160
4093;0.103112
4094;0.103065
4095;0.103018
4096;0.102971
4097;0.102925
4098;0.102877
4099;0.102830
4100;0.102782
4101;0.102735
4102;0.102687
4103;0.102640
4104;0.102593
4105;0.102546
4106;0.102500
4107;0.102454
4108;0.102408
4109;0.102362
4110;0.102317
4111;0.102271
4112;0.102225
4113;0.102180
4114;0.102134
4115;0.102089
4116;0.102043
4117;0.101997
4118;0.101952
4119;0.101906
4120;0.101860
4121;0.101815
4122;0.101770
4123;0.101725
4124;0.101681
4125;0.101637
4126;0.101594
4127;0.101551
4128;0.101508
4129;0.101466
4130;0.101424
4131;0.101381
4132;0.101339
4133;0.101297
4134;0.101254
4135;0.101211
4136;0.101168
4137;0.101125
4138;0.101082
4139;0.101039
4140;0.100997
4141;0.100955
4142;0.100913
4143;0.100873
4144;0.100832
4145;0.100792
4146;0.100753
4147;0.100713
4148;0.100673
4149;0.100633
4150;0.100593
4151;0.100553
4152;0.100513
4153;0.100472
4154;0.100432
4155;0.100392
4156;0.100352
4157;0.100313
4158;0.100274
4159;0.100235
4160;0.100197
4161;0.100160
4162;0.100122
4163;0.100085
4164;0.100049
4165;0.100013
4166;0.099977
4167;0.099941
4168;0.099904
4169;0.099868
4170;0.099831
4171;0.099794
4172;0.099758
4173;0.099721
4174;0.099685
4175;0.099649
4176;0.099614
4177;0.099579
4178;0.099544
4179;0.099510
4180;0.099476
4181;0.099442
4182;0.099408
4183;0.099374
4184;0.099341
4185;0.099306
4186;0.099272
4187;0.099238
4188;0.099203
4189;0.099169
4190;0.099134
4191;0.099099
4192;0.099065
4193;0.099030
4194;0.098995
4195;0.098961
4196;0.098927
4197;0.098893
4198;0.098860
4199;0.098827
4200;0.098794
4201;0.098762
4202;0.098730
4203;0.098699
4204;0.098667
4205;0.098636
4206;0.098604
4207;0.098573
4208;0.098541
4209;0.098510
4210;0.098478
4211;0.098447
4212;0.098416
4213;0.098385
4214;0.098354
4215;0.098324
4216;0.098294
4217;0.098264
4218;0.098235
4219;0.098206
4220;0.098177
4221;0.098149
4222;0.098121
4223;0.098093
4224;0.098065
4225;0.098037
4226;0.098010
4227;0.097983
4228;0.097956
4229;0.097929
4230;0.097903
4231;0.097877
4232;0.097851
4233;0.097825
4234;0.097800
4235;0.097776
4236;0.097752
4237;0.097729
4238;0.097706
4239;0.097684
4240;0.097662
4241;0.097641
4242;0.097620
4243;0.097600
4244;0.097580
4245;0.097561
4246;0.097542
4247;0.097524
4248;0.097507
4249;0.097490
4250;0.097473
4251;0.097457
4252;0.097442
4253;0.097427
4254;0.097413
4255;0.097399
4256;0.097386
4257;0.097374
4258;0.097363
4259;0.097352
4260;0.097342
4261;0.097333
4262;0.097324
4263;0.097316
4264;0.097309
4265;0.097302
4266;0.097295
4267;0.097290
4268;0.097285
4269;0.097280
4270;0.097277
4271;0.097273
4272;0.097271
4273;0.097269
4274;0.097267
4275;0.097267
4276;0.097267
4277;0.097267
4278;0.097269
4279;0.097271
4280;0.097274
4281;0.097277
4282;0.097282
4283;0.097287
4284;0.097293
4285;0.097299
4286;0.097307
4287;0.097315
4288;0.097324
4289;0.097333
4290;0.097344
4291;0.097354
4292;0.097366
4293;0.097378
4294;0.097391
4295;0.097404
4296;0.097417
4297;0.097432
4298;0.097447
4299;0.097463
4300;0.097481
4301;0.097499
4302;0.097518
4303;0.097539
4304;0.097560
4305;0.097583
4306;0.097607
4307;0.097631
4308;0.097657
4309;0.097683
4310;0.097711
4311;0.097738
4312;0.097767
4313;0.097796
4314;0.097826
4315;0.097856
4316;0.097887
4317;0.097920
4318;0.097953
4319;0.097988
4320;0.098024
4321;0.098060
4322;0.098098
4323;0.098137
4324;0.098177
4325;0.098218
4326;0.098260
4327;0.098302
4328;0.098346
4329;0.098390
4330;0.098435
4331;0.098481
4332;0.098528
4333;0.098575
4334;0.098624
4335;0.098673
4336;0.098724
4337;0.098776
4338;0.098829
4339;0.098884
4340;0.098940
4341;0.098997
4342;0.099055
4343;0.099115
4344;0.099175
4345;0.099237
4346;0.099299
4347;0.099362
4348;0.099427
4349;0.099492
4350;0.099558
4351;0.099625
4352;0.099694
4353;0.099763
4354;0.099834
4355;0.099905
4356;0.099978
4357;0.100053
4358;0.100129
4359;0.100206
4360;0.100284
4361;0.100364
4362;0.100445
4363;0.100527
4364;0.100610
4365;0.100695
4366;0.100780
4367;0.100867
4368;0.100955
4369;0.101044
4370;0.101134
4371;0.101226
4372;0.101319
4373;0.101414
4374;0.101510
4375;0.101607
4376;0.101707
4377;0.101807
4378;0.101910
4379;0.102013
4380;0.102118
4381;0.102225
4382;0.102332
4383;0.102441
4384;0.102551
4385;0.102663
4386;0.102776
4387;0.102891
4388;0.103006
4389;0.103124
4390;0.103242
4391;0.103363
4392;0.103485
4393;0.103608
4394;0.103733
4395;0.103860
4396;0.103989
4397;0.104119
4398;0.104251
4399;0.104385
4400;0.104520
4401;0.104656
4402;0.104794
4403;0.104934
4404;0.105075
4405;0.105218
4406;0.105362
4407;0.105508
4408;0.105655
4409;0.105805
4410;0.105955
4411;0.106108
4412;0.106262
4413;0.106418
4414;0.106576
4415;0.106736
4416;0.106897
4417;0.107061
4418;0.107226
4419;0.107393
4420;0.107561
4421;0.107731
4422;0.107903
4423;0.108077
4424;0.108253
4425;0.108430
4426;0.108610
4427;0.108792
4428;0.108975
4429;0.109160
4430;0.109347
4431;0.109536
4432;0.109727
4433;0.109921
4434;0.110116
4435;0.110314
4436;0.110515
4437;0.110717
4438;0.110922
4439;0.111129
4440;0.111338
4441;0.111549
4442;0.111762
4443;0.111977
4444;0.112193
4445;0.112412
4446;0.112632
4447;0.112854
4448;0.113078
4449;0.113304
4450;0.113533
4451;0.113764
4452;0.113998
4453;0.114233
4454;0.114471
4455;0.114710
4456;0.114951
4457;0.115194
4458;0.115440
4459;0.115687
4460;0.115937
4461;0.116189
4462;0.116443
4463;0.116699
4464;0.116957
4465;0.117216
4466;0.117478
4467;0.117741
4468;0.118006
4469;0.118273
4470;0.118541
4471;0.118812
4472;0.119085
4473;0.119360
4474;0.119636
4475;0.119914
4476;0.120194
4477;0.120475
4478;0.120759
4479;0.121044
4480;0.121331
4481;0.121620
4482;0.121911
4483;0.122203
4484;0.122496
4485;0.122791
4486;0.123087
4487;0.123384
4488;0.123681
4489;0.123979
4490;0.124278
4491;0.124578
4492;0.124878
4493;0.125180
4494;0.125483
4495;0.125787
4496;0.126092
4497;0.126397
4498;0.126703
4499;0.127010
4500;0.127317
4501;0.127625
4502;0.127932
4503;0.128239
4504;0.128545
4505;0.128851
4506;0.129157
4507;0.129462
4508;0.129766
4509;0.130069
4510;0.130371
4511;0.130671
4512;0.130971
4513;0.131269
4514;0.131567
4515;0.131863
4516;0.132158
4517;0.132450
4518;0.132740
4519;0.133027
4520;0.133310
4521;0.133589
4522;0.133864
4523;0.134134
4524;0.134398
4525;0.134658
4526;0.134913
4527;0.135163
4528;0.135408
4529;0.135648
4530;0.135883
4531;0.136113
4532;0.136336
4533;0.136552
4534;0.136758
4535;0.136952
4536;0.137129
4537;0.137279
4538;0.137375
4539;0.137418
4540;0.137384
4541;0.137268
4542;0.137117
4543;0.136948
4544;0.136764
4545;0.136569
4546;0.136365
4547;0.136152
4548;0.135932
4549;0.135705
4550;0.135472
4551;0.135233
4552;0.134988
4553;0.134737
4554;0.134480
4555;0.134218
4556;0.133951
4557;0.133679
4558;0.133403
4559;0.133122
4560;0.132837
4561;0.132549
4562;0.132258
4563;0.131965
4564;0.131670
4565;0.131374
4566;0.131077
4567;0.130778
4568;0.130479
4569;0.130180
4570;0.129881
4571;0.129582
4572;0.129283
4573;0.128983
4574;0.128684
4575;0.128386
4576;0.128089
4577;0.127792
4578;0.127496
4579;0.127199
4580;0.126902
4581;0.126603
4582;0.126304
4583;0.126004
4584;0.125704
4585;0.125403
4586;0.125103
4587;0.124804
4588;0.124505
4589;0.124207
4590;0.123910
4591;0.123613
4592;0.123318
4593;0.123024
4594;0.122729
4595;0.122436
4596;0.122142
4597;0.121850
4598;0.121556
4599;0.121263
4600;0.120969
4601;0.120675
4602;0.120382
4603;0.120090
4604;0.119798
4605;0.119509
4606;0.119222
4607;0.118936
4608;0.118653
4609;0.118373
4610;0.118094
4611;0.117818
4612;0.117544
4613;0.117272
4614;0.117003
4615;0.116736
4616;0.116470
4617;0.116206
4618;0.115944
4619;0.115684
4620;0.115427
4621;0.115171
4622;0.114919
4623;0.114669
4624;0.114422
4625;0.114179
4626;0.113937
4627;0.113699
4628;0.113462
4629;0.113227
4630;0.112995
4631;0.112765
4632;0.112538
4633;0.112311
4634;0.112087
4635;0.111864
4636;0.111642
4637;0.111422
4638;0.111203
4639;0.110986
4640;0.110770
4641;0.110556
4642;0.110344
4643;0.110134
4644;0.109925
4645;0.109719
4646;0.109515
4647;0.109313
4648;0.109113
4649;0.108916
4650;0.108720
4651;0.108527
4652;0.108336
4653;0.108146
4654;0.107959
4655;0.107774
4656;0.107591
4657;0.107410
4658;0.107231
4659;0.107055
4660;0.106881
4661;0.106710
4662;0.106542
4663;0.106375
4664;0.106211
4665;0.106050
4666;0.105890
4667;0.105733
4668;0.105577
4669;0.105423
4670;0.105271
4671;0.105120
4672;0.104971
4673;0.104823
4674;0.104676
4675;0.104530
4676;0.104385
4677;0.104242
4678;0.104100
4679;0.103959
4680;0.103819
4681;0.103681
4682;0.103545
4683;0.103410
4684;0.103277
4685;0.103145
4686;0.103015
4687;0.102887
4688;0.102759
4689;0.102633
4690;0.102509
4691;0.102385
4692;0.102264
4693;0.102143
4694;0.102025
4695;0.101908
4696;0.101792
4697;0.101679
4698;0.101567
4699;0.101457
4700;0.101349
4701;0.101242
4702;0.101138
4703;0.101035
4704;0.100934
4705;0.100834
4706;0.100735
4707;0.100638
4708;0.100542
4709;0.100447
4710;0.100353
4711;0.100259
4712;0.100167
4713;0.100076
4714;0.099985
4715;0.099896
4716;0.099808
4717;0.099720
4718;0.099634
4719;0.099549
4720;0.099465
4721;0.099383
4722;0.099302
4723;0.099222
4724;0.099143
4725;0.099065
4726;0.098989
4727;0.098913
4728;0.098839
4729;0.098766
4730;0.098694
4731;0.098623
4732;0.098553
4733;0.098485
4734;0.098418
4735;0.098352
4736;0.098287
4737;0.098224
4738;0.098161
4739;0.098100
4740;0.098040
4741;0.097981
4742;0.097923
4743;0.097866
4744;0.097810
4745;0.097754
4746;0.097699
4747;0.097645
4748;0.097592
4749;0.097539
4750;0.097487
4751;0.097436
4752;0.097385
4753;0.097335
4754;0.097286
4755;0.097238
4756;0.097192
4757;0.097146
4758;0.097101
4759;0.097057
4760;0.097014
4761;0.096971
4762;0.096930
4763;0.096889
4764;0.096849
4765;0.096810
4766;0.096772
4767;0.096735
4768;0.096698
4769;0.096662
4770;0.096627
4771;0.096593
4772;0.096560
4773;0.096527
4774;0.096496
4775;0.096465
4776;0.096435
4777;0.096406
4778;0.096377
4779;0.096350
4780;0.096322
4781;0.096296
4782;0.096270
4783;0.096245
4784;0.096221
4785;0.096197
4786;0.096174
4787;0.096152
4788;0.096130
4789;0.096109
4790;0.096089
4791;0.096070
4792;0.096051
4793;0.096033
4794;0.096016
4795;0.096000
4796;0.095984
4797;0.095970
4798;0.095955
4799;0.095942
4800;0.095929
4801;0.095917
4802;0.095906
4803;0.095895
4804;0.095885
4805;0.095876
4806;0.095867
4807;0.095859
4808;0.095852
4809;0.095845
4810;0.095839
4811;0.095834
4812;0.095829
4813;0.095825
4814;0.095821
4815;0.095818
4816;0.095815
4817;0.095813
4818;0.095811
4819;0.095810
4820;0.095809
4821;0.095808
4822;0.095808
4823;0.095809
4824;0.095810
4825;0.095811
4826;0.095813
4827;0.095816
4828;0.095819
4829;0.095822
4830;0.095826
4831;0.095831
4832;0.095836
4833;0.095842
4834;0.095848
4835;0.095855
4836;0.095862
4837;0.095870
4838;0.095879
4839;0.095888
4840;0.095897
4841;0.095907
4842;0.095918
4843;0.095929
4844;0.095941
4845;0.095953
4846;0.095966
4847;0.095979
4848;0.095993
4849;0.096008
4850;0.096022
4851;0.096037
4852;0.096053
4853;0.096069
4854;0.096085
4855;0.096102
4856;0.096120
4857;0.096138
4858;0.096157
4859;0.096177
4860;0.096197
4861;0.096218
4862;0.096240
4863;0.096262
4864;0.096285
4865;0.096308
4866;0.096332
4867;0.096357
4868;0.096382
4869;0.096408
4870;0.096434
4871;0.096460
4872;0.096487
4873;0.096514
4874;0.096542
4875;0.096570
4876;0.096599
4877;0.096628
4878;0.096657
4879;0.096687
4880;0.096718
4881;0.096749
4882;0.096781
4883;0.096813
4884;0.096847
4885;0.096880
4886;0.096914
4887;0.096949
4888;0.096984
4889;0.097019
4890;0.097054
4891;0.097090
4892;0.097126
4893;0.097162
4894;0.097199
4895;0.097236
4896;0.097274
4897;0.097313
4898;0.097352
4899;0.097392
4900;0.097433
4901;0.097474
4902;0.097516
4903;0.097558
4904;0.097601
4905;0.097644
4906;0.097688
4907;0.097732
4908;0.097776
4909;0.097821
4910;0.097866
4911;0.097911
4912;0.097957
4913;0.098004
4914;0.098050
4915;0.098097
4916;0.098144
4917;0.098192
4918;0.098239
4919;0.098288
4920;0.098337
4921;0.098386
4922;0.098435
4923;0.098486
4924;0.098536
4925;0.098587
4926;0.098638
4927;0.098689
4928;0.098740
4929;0.098792
4930;0.098843
4931;0.098894
4932;0.098946
4933;0.098998
4934;0.099051
4935;0.099103
4936;0.099157
4937;0.099210
4938;0.099264
4939;0.099318
4940;0.099373
4941;0.099428
4942;0.099483
4943;0.099538
4944;0.099594
4945;0.099649
4946;0.099705
4947;0.099760
4948;0.099816
4949;0.099871
4950;0.099927
4951;0.099983
4952;0.100039
4953;0.100095
4954;0.100151
4955;0.100207
4956;0.100263
4957;0.100319
4958;0.100375
4959;0.100431
4960;0.100487
4961;0.100542
4962;0.100598
4963;0.100654
4964;0.100710
4965;0.100765
4966;0.100819
4967;0.100874
4968;0.100928
4969;0.100983
4970;0.101037
4971;0.101092
4972;0.101147
4973;0.101202
4974;0.101257
4975;0.101312
4976;0.101366
4977;0.101420
4978;0.101474
4979;0.101528
4980;0.101581
4981;0.101634
4982;0.101685
4983;0.101736
4984;0.101786
4985;0.101835
4986;0.101884
4987;0.101932
4988;0.101979
4989;0.102027
4990;0.102073
4991;0.102120
4992;0.102166
4993;0.102213
4994;0.102258
4995;0.102302
4996;0.102346
4997;0.102389
4998;0.102432
4999;0.102474
5000;0.102514
5001;0.102554
5002;0.102593
5003;0.102631
5004;0.102668
5005;0.102705
5006;0.102741
5007;0.102777
5008;0.102812
5009;0.102847
5010;0.102882
5011;0.102916
5012;0.102950
5013;0.102983
5014;0.103016
5015;0.103048
5016;0.103079
5017;0.103110
5018;0.103140
5019;0.103169
5020;0.103197
5021;0.103224
5022;0.103251
5023;0.103278
5024;0.103303
5025;0.103329
5026;0.103354
5027;0.103380
5028;0.103405
5029;0.103430
5030;0.103456
5031;0.103481
5032;0.103506
5033;0.103531
5034;0.103555
5035;0.103578
5036;0.103600
5037;0.103621
5038;0.103641
5039;0.103661
5040;0.103679
5041;0.103697
5042;0.103714
5043;0.103732
5044;0.103749
5045;0.103767
5046;0.103784
5047;0.103801
5048;0.103819
5049;0.103836
5050;0.103854
5051;0.103871
5052;0.103889
5053;0.103906
5054;0.103924
5055;0.103941
5056;0.103957
5057;0.103974
5058;0.103989
5059;0.104004
5060;0.104017
5061;0.104031
5062;0.104043
5063;0.104055
5064;0.104067
5065;0.104078
5066;0.104090
5067;0.104102
5068;0.104113
5069;0.104125
5070;0.104136
5071;0.104146
5072;0.104155
5073;0.104162
5074;0.104166
5075;0.104166
5076;0.104162
5077;0.104151
5078;0.104131
5079;0.104103
5080;0.104069
5081;0.104031
5082;0.103991
5083;0.103950
5084;0.103908
5085;0.103866
5086;0.103823
5087;0.103779
5088;0.103736
5089;0.103692
5090;0.103648
5091;0.103604
5092;0.103559
5093;0.103514
5094;0.103468
5095;0.103422
5096;0.103375
5097;0.103327
5098;0.103279
5099;0.103230
5100;0.103182
5101;0.103133
5102;0.103084
5103;0.103035
5104;0.102986
5105;0.102938
5106;0.102889
5107;0.102841
5108;0.102792
5109;0.102744
5110;0.102695
5111;0.102646
5112;0.102597
5113;0.102548
5114;0.102499
5115;0.102449
5116;0.102400
5117;0.102350
5118;0.102300
5119;0.102251
5120;0.102201
5121;0.102151
5122;0.102101
5123;0.102051
5124;0.102001
5125;0.101951
5126;0.101901
5127;0.101852
5128;0.101802
5129;0.101753
5130;0.101704
5131;0.101655
5132;0.101606
5133;0.101557
5134;0.101509
5135;0.101460
5136;0.101412
5137;0.101365
5138;0.101318
5139;0.101271
5140;0.101224
5141;0.101178
5142;0.101132
5143;0.101085
5144;0.101039
5145;0.100992
5146;0.100944
5147;0.100897
5148;0.100851
5149;0.100804
5150;0.100758
5151;0.100713
5152;0.100668
5153;0.100623
5154;0.100578
5155;0.100533
5156;0.100489
5157;0.100444
5158;0.100400
5159;0.100355
5160;0.100312
5161;0.100269
5162;0.100226
5163;0.100184
5164;0.100141
5165;0.100099
5166;0.100057
5167;0.100015
5168;0.099972
5169;0.099929
5170;0.099886
5171;0.099843
5172;0.099801
5173;0.099759
5174;0.099718
5175;0.099677
5176;0.099636
5177;0.099596
5178;0.099556
5179;0.099516
5180;0.099475
5181;0.099435
5182;0.099395
5183;0.099356
5184;0.099317
5185;0.099279
5186;0.099241
5187;0.099205
5188;0.099169
5189;0.099134
5190;0.099100
5191;0.099065
5192;0.099031
5193;0.098997
5194;0.098964
5195;0.098930
5196;0.098896
5197;0.098862
5198;0.098829
5199;0.098797
5200;0.098765
5201;0.098733
5202;0.098702
5203;0.098672
5204;0.098643
5205;0.098614
5206;0.098585
5207;0.098557
5208;0.098530
5209;0.098504
5210;0.098478
5211;0.098453
5212;0.098428
5213;0.098404
5214;0.098381
5215;0.098358
5216;0.098335
5217;0.098313
5218;0.098291
5219;0.098269
5220;0.098249
5221;0.098229
5222;0.098210
5223;0.098192
5224;0.098175
5225;0.098159
5226;0.098144
5227;0.098130
5228;0.098116
5229;0.098102
5230;0.098090
5231;0.098078
5232;0.098066
5233;0.098055
5234;0.098045
5235;0.098035
5236;0.098026
5237;0.098018
5238;0.098011
5239;0.098004
5240;0.097999
5241;0.097995
5242;0.097992
5243;0.097989
5244;0.097988
5245;0.097987
5246;0.097987
5247;0.097989
5248;0.097991
5249;0.097994
5250;0.097998
5251;0.098002
5252;0.098008
5253;0.098015
5254;0.098023
5255;0.098031
5256;0.098041
5257;0.098052
5258;0.098065
5259;0.098078
5260;0.098092
5261;0.098107
5262;0.098124
5263;0.098141
5264;0.098159
5265;0.098178
5266;0.098199
5267;0.098220
5268;0.098242
5269;0.098265
5270;0.098290
5271;0.098316
5272;0.098343
5273;0.098371
5274;0.098400
5275;0.098431
5276;0.098463
5277;0.098496
5278;0.098530
5279;0.098566
5280;0.098603
5281;0.098641
5282;0.098680
5283;0.098720
5284;0.098761
5285;0.098804
5286;0.098847
5287;0.098892
5288;0.098937
5289;0.098984
5290;0.099032
5291;0.099081
5292;0.099132
5293;0.099184
5294;0.099237
5295;0.099292
5296;0.099348
5297;0.099406
5298;0.099465
5299;0.099525
5300;0.099587
5301;0.099650
5302;0.099714
5303;0.099780
5304;0.099847
5305;0.099915
5306;0.099985
5307;0.100056
5308;0.100128
5309;0.100202
5310;0.100277
5311;0.100354
5312;0.100432
5313;0.100512
5314;0.100593
5315;0.100676
5316;0.100761
5317;0.100847
5318;0.100934
5319;0.101024
5320;0.101115
5321;0.101207
5322;0.101301
5323;0.101397
5324;0.101493
5325;0.101592
5326;0.101691
5327;0.101792
5328;0.101895
5329;0.101999
5330;0.102104
5331;0.102211
5332;0.102319
5333;0.102430
5334;0.102541
5335;0.102655
5336;0.102770
5337;0.102887
5338;0.103005
5339;0.103125
5340;0.103247
5341;0.103370
5342;0.103495
5343;0.103622
5344;0.103749
5345;0.103879
5346;0.104010
5347;0.104142
5348;0.104276
5349;0.104411
5350;0.104547
5351;0.104685
5352;0.104824
5353;0.104965
5354;0.105107
5355;0.105251
5356;0.105396
5357;0.105543
5358;0.105692
5359;0.105842
5360;0.105993
5361;0.106146
5362;0.106300
5363;0.106456
5364;0.106612
5365;0.106770
5366;0.106928
5367;0.107088
5368;0.107248
5369;0.107410
5370;0.107572
5371;0.107735
5372;0.107900
5373;0.108065
5374;0.108231
5375;0.108398
5376;0.108566
5377;0.108734
5378;0.108903
5379;0.109072
5380;0.109242
5381;0.109412
5382;0.109583
5383;0.109754
5384;0.109925
5385;0.110097
5386;0.110270
5387;0.110444
5388;0.110618
5389;0.110794
5390;0.110970
5391;0.111148
5392;0.111327
5393;0.111506
5394;0.111687
5395;0.111868
5396;0.112049
5397;0.112230
5398;0.112412
5399;0.112593
5400;0.112775
5401;0.112957
5402;0.113138
5403;0.113320
5404;0.113502
5405;0.113685
5406;0.113867
5407;0.114051
5408;0.114235
5409;0.114419
5410;0.114603
5411;0.114788
5412;0.114972
5413;0.115156
5414;0.115339
5415;0.115522
5416;0.115703
5417;0.115882
5418;0.116060
5419;0.116237
5420;0.116411
5421;0.116583
5422;0.116754
5423;0.116923
5424;0.117089
5425;0.117255
5426;0.117419
5427;0.117581
5428;0.117742
5429;0.117902
5430;0.118061
5431;0.118217
5432;0.118370
5433;0.118521
5434;0.118670
5435;0.118815
5436;0.118957
5437;0.119097
5438;0.119234
5439;0.119369
5440;0.119502
5441;0.119632
5442;0.119761
5443;0.119887
5444;0.120012
5445;0.120134
5446;0.120254
5447;0.120372
5448;0.120488
5449;0.120602
5450;0.120714
5451;0.120824
5452;0.120933
5453;0.121041
5454;0.121146
5455;0.121251
5456;0.121354
5457;0.121456
5458;0.121557
5459;0.121656
5460;0.121754
5461;0.121851
5462;0.121947
5463;0.122042
5464;0.122135
5465;0.122228
5466;0.122318
5467;0.122408
5468;0.122496
5469;0.122582
5470;0.122668
5471;0.122751
5472;0.122834
5473;0.122915
5474;0.122995
5475;0.123073
5476;0.123151
5477;0.123227
5478;0.123301
5479;0.123374
5480;0.123446
5481;0.123516
5482;0.123584
5483;0.123650
5484;0.123714
5485;0.123776
5486;0.123837
5487;0.123895
5488;0.123950
5489;0.124004
5490;0.124054
5491;0.124103
5492;0.124149
5493;0.124193
5494;0.124235
5495;0.124274
5496;0.124312
5497;0.124348
5498;0.124381
5499;0.124411
5500;0.124439
5501;0.124463
5502;0.124484
5503;0.124501
5504;0.124512
5505;0.124518
5506;0.124517
5507;0.124509
5508;0.124496
5509;0.124477
5510;0.124454
5511;0.124426
5512;0.124395
5513;0.124359
5514;0.124318
5515;0.124274
5516;0.124226
5517;0.124174
5518;0.124118
5519;0.124059
5520;0.123996
5521;0.123930
5522;0.123860
5523;0.123787
5524;0.123709
5525;0.123628
5526;0.123543
5527;0.123455
5528;0.123364
5529;0.123270
5530;0.123173
5531;0.123073
5532;0.122970
5533;0.122865
5534;0.122758
5535;0.122649
5536;0.122537
5537;0.122424
5538;0.122307
5539;0.122187
5540;0.122065
5541;0.121940
5542;0.121814
5543;0.121687
5544;0.121557
5545;0.121426
5546;0.121293
5547;0.121159
5548;0.121022
5549;0.120884
5550;0.120746
5551;0.120606
5552;0.120465
5553;0.120323
5554;0.120180
5555;0.120036
5556;0.119891
5557;0.119745
5558;0.119598
5559;0.119451
5560;0.119304
5561;0.119156
5562;0.119008
5563;0.118859
5564;0.118711
5565;0.118562
5566;0.118412
5567;0.118263
5568;0.118113
5569;0.117964
5570;0.117814
5571;0.117664
5572;0.117514
5573;0.117364
5574;0.117214
5575;0.117064
5576;0.116914
5577;0.116763
5578;0.116613
5579;0.116463
5580;0.116314
5581;0.116165
5582;0.116016
5583;0.115869
5584;0.115721
5585;0.115574
5586;0.115426
5587;0.115278
5588;0.115131
5589;0.114984
5590;0.114837
5591;0.114691
5592;0.114546
5593;0.114401
5594;0.114257
5595;0.114115
5596;0.113972
5597;0.113830
5598;0.113689
5599;0.113548
5600;0.113407
5601;0.113267
5602;0.113127
5603;0.112988
5604;0.112850
5605;0.112714
5606;0.112578
5607;0.112443
5608;0.112308
5609;0.112174
5610;0.112040
5611;0.111907
5612;0.111773
5613;0.111640
5614;0.111507
5615;0.111375
5616;0.111243
5617;0.111111
5618;0.110980
5619;0.110848
5620;0.110718
5621;0.110588
5622;0.110459
5623;0.110331
5624;0.110203
5625;0.110077
5626;0.109952
5627;0.109828
5628;0.109705
5629;0.109582
5630;0.109461
5631;0.109341
5632;0.109222
5633;0.109103
5634;0.108985
5635;0.108867
5636;0.108751
5637;0.108636
5638;0.108521
5639;0.108408
5640;0.108296
5641;0.108185
5642;0.108076
5643;0.107968
5644;0.107862
5645;0.107757
5646;0.107653
5647;0.107551
5648;0.107450
5649;0.107349
5650;0.107249
5651;0.107151
5652;0.107052
5653;0.106955
5654;0.106859
5655;0.106763
5656;0.106669
5657;0.106576
5658;0.106483
5659;0.106392
5660;0.106302
5661;0.106214
5662;0.106127
5663;0.106040
5664;0.105955
5665;0.105871
5666;0.105788
5667;0.105706
5668;0.105625
5669;0.105545
5670;0.105466
5671;0.105387
5672;0.105309
5673;0.105232
5674;0.105156
5675;0.105081
5676;0.105007
5677;0.104934
5678;0.104863
5679;0.104792
5680;0.104723
5681;0.104656
5682;0.104589
5683;0.104523
5684;0.104459
5685;0.104395
5686;0.104333
5687;0.104271
5688;0.104210
5689;0.104150
5690;0.104091
5691;0.104033
5692;0.103976
5693;0.103919
5694;0.103864
5695;0.103809
5696;0.103756
5697;0.103704
5698;0.103653
5699;0.103603
5700;0.103554
5701;0.103507
5702;0.103461
5703;0.103415
5704;0.103371
5705;0.103328
5706;0.103285
5707;0.103244
5708;0.103203
5709;0.103163
5710;0.103124
5711;0.103085
5712;0.103048
5713;0.103011
5714;0.102976
5715;0.102941
5716;0.102908
5717;0.102875
5718;0.102843
5719;0.102813
5720;0.102783
5721;0.102754
5722;0.102726
5723;0.102699
5724;0.102673
5725;0.102648
5726;0.102624
5727;0.102600
5728;0.102578
5729;0.102556
5730;0.102535
5731;0.102514
5732;0.102494
5733;0.102475
5734;0.102457
5735;0.102439
5736;0.102423
5737;0.102407
5738;0.102393
5739;0.102379
5740;0.102366
5741;0.102355
5742;0.102344
5743;0.102334
5744;0.102325
5745;0.102317
5746;0.102309
5747;0.102302
5748;0.102296
5749;0.102291
5750;0.102286
5751;0.102283
5752;0.102280
5753;0.102278
5754;0.102276
5755;0.102276
5756;0.102276
5757;0.102277
5758;0.102279
5759;0.102281
5760;0.102284
5761;0.102288
5762;0.102293
5763;0.102299
5764;0.102305
5765;0.102313
5766;0.102321
5767;0.102330
5768;0.102341
5769;0.102352
5770;0.102365
5771;0.102378
5772;0.102392
5773;0.102406
5774;0.102422
5775;0.102438
5776;0.102455
5777;0.102473
5778;0.102491
5779;0.102510
5780;0.102530
5781;0.102551
5782;0.102572
5783;0.102595
5784;0.102618
5785;0.102642
5786;0.102667
5787;0.102693
5788;0.102720
5789;0.102747
5790;0.102775
5791;0.102805
5792;0.102834
5793;0.102865
5794;0.102897
5795;0.102929
5796;0.102962
5797;0.102996
5798;0.103030
5799;0.103066
5800;0.103102
5801;0.103138
5802;0.103176
5803;0.103214
5804;0.103254
5805;0.103294
5806;0.103335
5807;0.103376
5808;0.103419
5809;0.103462
5810;0.103507
5811;0.103552
5812;0.103598
5813;0.103644
5814;0.103691
5815;0.103739
5816;0.103788
5817;0.103837
5818;0.103887
5819;0.103937
5820;0.103989
5821;0.104041
5822;0.104094
5823;0.104148
5824;0.104203
5825;0.104258
5826;0.104315
5827;0.104373
5828;0.104431
5829;0.104491
5830;0.104551
5831;0.104612
5832;0.104675
5833;0.104737
5834;0.104801
5835;0.104865
5836;0.104930
5837;0.104996
5838;0.105062
5839;0.105129
5840;0.105196
5841;0.105265
5842;0.105334
5843;0.105403
5844;0.105474
5845;0.105546
5846;0.105618
5847;0.105692
5848;0.105766
5849;0.105841
5850;0.105916
5851;0.105993
5852;0.106070
5853;0.106147
5854;0.106225
5855;0.106304
5856;0.106383
5857;0.106462
5858;0.106543
5859;0.106623
5860;0.106704
5861;0.106786
5862;0.106868
5863;0.106951
5864;0.107034
5865;0.107118
5866;0.107203
5867;0.107288
5868;0.107373
5869;0.107458
5870;0.107543
5871;0.107629
5872;0.107715
5873;0.107800
5874;0.107886
5875;0.107971
5876;0.108057
5877;0.108143
5878;0.108229
5879;0.108316
5880;0.108403
5881;0.108491
5882;0.108578
5883;0.108667
5884;0.108755
5885;0.108845
5886;0.108934
5887;0.109024
5888;0.109114
5889;0.109204
5890;0.109295
5891;0.109386
5892;0.109477
5893;0.109568
5894;0.109659
5895;0.109751
5896;0.109843
5897;0.109935
5898;0.110027
5899;0.110120
5900;0.110213
5901;0.110305
5902;0.110398
5903;0.110490
5904;0.110583
5905;0.110675
5906;0.110768
5907;0.110860
5908;0.110953
5909;0.111045
5910;0.111138
5911;0.111230
5912;0.111322
5913;0.111414
5914;0.111505
5915;0.111597
5916;0.111688
5917;0.111778
5918;0.111869
5919;0.111959
5920;0.112050
5921;0.112140
5922;0.112229
5923;0.112319
5924;0.112408
5925;0.112497
5926;0.112586
5927;0.112674
5928;0.112761
5929;0.112848
5930;0.112934
5931;0.113020
5932;0.113105
5933;0.113189
5934;0.113272
5935;0.113354
5936;0.113436
5937;0.113517
5938;0.113597
5939;0.113676
5940;0.113754
5941;0.113831
5942;0.113908
5943;0.113983
5944;0.114057
5945;0.114130
5946;0.114201
5947;0.114271
5948;0.114340
5949;0.114406
5950;0.114471
5951;0.114533
5952;0.114593
5953;0.114651
5954;0.114708
5955;0.114763
5956;0.114816
5957;0.114867
5958;0.114916
5959;0.114964
5960;0.115009
5961;0.115051
5962;0.115092
5963;0.115129
5964;0.115164
5965;0.115195
5966;0.115223
5967;0.115249
5968;0.115272
5969;0.115293
5970;0.115312
5971;0.115329
5972;0.115345
5973;0.115358
5974;0.115369
5975;0.115379
5976;0.115387
5977;0.115392
5978;0.115395
5979;0.115396
5980;0.115394
5981;0.115389
5982;0.115381
5983;0.115371
5984;0.115358
5985;0.115344
5986;0.115328
5987;0.115310
5988;0.115291
5989;0.115270
5990;0.115247
5991;0.115223
5992;0.115196
5993;0.115165
5994;0.115133
5995;0.115097
5996;0.115060
5997;0.115021
5998;0.114980
5999;0.114937
6000;0.114892
6001;0.114846
6002;0.114797
6003;0.114747
6004;0.114695
6005;0.114642
6006;0.114588
6007;0.114532
6008;0.114476
6009;0.114418
6010;0.114359
6011;0.114299
6012;0.114238
6013;0.114176
6014;0.114113
6015;0.114049
6016;0.113982
6017;0.113915
6018;0.113846
6019;0.113775
6020;0.113703
6021;0.113630
6022;0.113555
6023;0.113479
6024;0.113402
6025;0.113323
6026;0.113243
6027;0.113162
6028;0.113080
6029;0.112996
6030;0.112911
6031;0.112825
6032;0.112737
6033;0.112648
6034;0.112558
6035;0.112466
6036;0.112373
6037;0.112278
6038;0.112181
6039;0.112082
6040;0.111982
6041;0.111878
6042;0.111772
6043;0.111663
6044;0.111551
6045;0.111435
6046;0.111316
6047;0.111193
6048;0.111069
6049;0.110941
6050;0.110812
6051;0.110681
6052;0.110548
6053;0.110413
6054;0.110277
6055;0.110138
6056;0.109997
6057;0.109851
6058;0.109701
6059;0.109547
6060;0.109391
6061;0.109233
6062;0.109075
6063;0.108915
6064;0.108755
6065;0.108595
6066;0.108433
6067;0.108271
6068;0.108107
6069;0.107942
6070;0.107777
6071;0.107610
6072;0.107444
6073;0.107276
6074;0.107108
6075;0.106940
6076;0.106771
6077;0.106602
6078;0.106433
6079;0.106264
6080;0.106094
6081;0.105925
6082;0.105755
6083;0.105585
6084;0.105414
6085;0.105244
6086;0.105074
6087;0.104903
6088;0.104731
6089;0.104559
6090;0.104386
6091;0.104212
6092;0.104038
6093;0.103864
6094;0.103689
6095;0.103515
6096;0.103341
6097;0.103167
6098;0.102993
6099;0.102820
6100;0.102649
6101;0.102478
6102;0.102307
6103;0.102138
6104;0.101970
6105;0.101803
6106;0.101637
6107;0.101472
6108;0.101307
6109;0.101143
6110;0.100981
6111;0.100819
6112;0.100657
6113;0.100497
6114;0.100338
6115;0.100179
6116;0.100021
6117;0.099865
6118;0.099709
6119;0.099554
6120;0.099401
6121;0.099248
6122;0.099096
6123;0.098946
6124;0.098797
6125;0.098648
6126;0.098500
6127;0.098354
6128;0.098208
6129;0.098063
6130;0.097919
6131;0.097777
6132;0.097635
6133;0.097495
6134;0.097356
6135;0.097218
6136;0.097082
6137;0.096947
6138;0.096814
6139;0.096682
6140;0.096551
6141;0.096422
6142;0.096295
6143;0.096169
6144;0.096044
6145;0.095921
6146;0.095799
6147;0.095678
6148;0.095558
6149;0.095440
6150;0.095322
6151;0.095207
6152;0.095092
6153;0.094979
6154;0.094867
6155;0.094756
6156;0.094647
6157;0.094539
6158;0.094432
6159;0.094326
6160;0.094222
6161;0.094119
6162;0.094017
6163;0.093916
6164;0.093816
6165;0.093717
6166;0.093620
6167;0.093523
6168;0.093427
6169;0.093333
6170;0.093240
6171;0.093149
6172;0.093059
6173;0.092970
6174;0.092883
6175;0.092797
6176;0.092713
6177;0.092630
6178;0.092548
6179;0.092468
6180;0.092388
6181;0.092310
6182;0.092233
6183;0.092158
6184;0.092083
6185;0.092010
6186;0.091937
6187;0.091866
6188;0.091796
6189;0.091727
6190;0.091660
6191;0.091594
6192;0.091529
6193;0.091465
6194;0.091403
6195;0.091342
6196;0.091281
6197;0.091222
6198;0.091164
6199;0.091107
6200;0.091051
6201;0.090996
6202;0.090942
6203;0.090889
6204;0.090837
6205;0.090786
6206;0.090736
6207;0.090687
6208;0.090640
6209;0.090594
6210;0.090549
6211;0.090506
6212;0.090463
6213;0.090422
6214;0.090383
6215;0.090344
6216;0.090306
6217;0.090270
6218;0.090234
6219;0.090200
6220;0.090167
6221;0.090134
6222;0.090103
6223;0.090072
6224;0.090043
6225;0.090015
6226;0.089987
6227;0.089961
6228;0.089936
6229;0.089911
6230;0.089888
6231;0.089865
6232;0.089843
6233;0.089822
6234;0.089802
6235;0.089783
6236;0.089764
6237;0.089747
6238;0.089731
6239;0.089715
6240;0.089701
6241;0.089687
6242;0.089675
6243;0.089664
6244;0.089653
6245;0.089644
6246;0.089636
6247;0.089628
6248;0.089622
6249;0.089616
6250;0.089612
6251;0.089608
6252;0.089605
6253;0.089603
6254;0.089602
6255;0.089601
6256;0.089601
6257;0.089602
6258;0.089604
6259;0.089606
6260;0.089609
6261;0.089613
6262;0.089618
6263;0.089624
6264;0.089631
6265;0.089638
6266;0.089646
6267;0.089656
6268;0.089665
6269;0.089676
6270;0.089687
6271;0.089699
6272;0.089712
6273;0.089725
6274;0.089738
6275;0.089753
6276;0.089767
6277;0.089783
6278;0.089798
6279;0.089815
6280;0.089832
6281;0.089849
6282;0.089867
6283;0.089885
6284;0.089904
6285;0.089924
6286;0.089945
6287;0.089966
6288;0.089988
6289;0.090011
6290;0.090034
6291;0.090058
6292;0.090082
6293;0.090106
6294;0.090131
6295;0.090156
6296;0.090182
6297;0.090208
6298;0.090235
6299;0.090262
6300;0.090290
6301;0.090319
6302;0.090348
6303;0.090377
6304;0.090407
6305;0.090437
6306;0.090468
6307;0.090500
6308;0.090532
6309;0.090564
6310;0.090596
6311;0.090628
6312;0.090661
6313;0.090694
6314;0.090727
6315;0.090760
6316;0.090794
6317;0.090828
6318;0.090862
6319;0.090897
6320;0.090932
6321;0.090967
6322;0.091003
6323;0.091039
6324;0.091075
6325;0.091112
6326;0.091150
6327;0.091188
6328;0.091226
6329;0.091266
6330;0.091305
6331;0.091346
6332;0.091387
6333;0.091428
6334;0.091470
6335;0.091512
6336;0.091555
6337;0.091598
6338;0.091641
6339;0.091685
6340;0.091729
6341;0.091773
6342;0.091818
6343;0.091863
6344;0.091908
6345;0.091953
6346;0.091999
6347;0.092045
6348;0.092092
6349;0.092139
6350;0.092186
6351;0.092234
6352;0.092282
6353;0.092331
6354;0.092380
6355;0.092429
6356;0.092479
6357;0.092528
6358;0.092578
6359;0.092628
6360;0.092677
6361;0.092727
6362;0.092776
6363;0.092826
6364;0.092875
6365;0.092925
6366;0.092975
6367;0.093024
6368;0.093074
6369;0.093125
6370;0.093175
6371;0.093226
6372;0.093277
6373;0.093328
6374;0.093380
6375;0.093431
6376;0.093483
6377;0.093535
6378;0.093587
6379;0.093639
6380;0.093691
6381;0.093743
6382;0.093795
6383;0.093846
6384;0.093898
6385;0.093950
6386;0.094002
6387;0.094054
6388;0.094106
6389;0.094158
6390;0.094211
6391;0.094263
6392;0.094316
6393;0.094369
6394;0.094422
6395;0.094474
6396;0.094527
6397;0.094580
6398;0.094632
6399;0.094684
6400;0.094736
6401;0.094788
6402;0.094839
6403;0.094890
6404;0.094941
6405;0.094992
6406;0.095042
6407;0.095093
6408;0.095142
6409;0.095192
6410;0.095240
6411;0.095287
6412;0.095334
6413;0.095379
6414;0.095421
6415;0.095461
6416;0.095497
6417;0.095528
6418;0.095548
6419;0.095557
6420;0.095556
6421;0.095547
6422;0.095533
6423;0.095516
6424;0.095496
6425;0.095476
6426;0.095454
6427;0.095431
6428;0.095408
6429;0.095384
6430;0.095360
6431;0.095335
6432;0.095310
6433;0.095284
6434;0.095257
6435;0.095229
6436;0.095200
6437;0.095169
6438;0.095138
6439;0.095106
6440;0.095074
6441;0.095040
6442;0.095007
6443;0.094973
6444;0.094939
6445;0.094905
6446;0.094870
6447;0.094836
6448;0.094801
6449;0.094766
6450;0.094730
6451;0.094693
6452;0.094656
6453;0.094617
6454;0.094578
6455;0.094539
6456;0.094499
6457;0.094458
6458;0.094417
6459;0.094376
6460;0.094334
6461;0.094292
6462;0.094250
6463;0.094208
6464;0.094166
6465;0.094123
6466;0.094080
6467;0.094037
6468;0.093993
6469;0.093949
6470;0.093903
6471;0.093857
6472;0.093810
6473;0.093762
6474;0.093713
6475;0.093665
6476;0.093616
6477;0.093566
6478;0.093517
6479;0.093468
6480;0.093418
6481;0.093369
6482;0.093319
6483;0.093269
6484;0.093219
6485;0.093169
6486;0.093118
6487;0.093068
6488;0.093017
6489;0.092965
6490;0.092914
6491;0.092862
6492;0.092810
6493;0.092758
6494;0.092706
6495;0.092654
6496;0.092602
6497;0.092549
6498;0.092496
6499;0.092443
6500;0.092389
6501;0.092335
6502;0.092281
6503;0.092226
6504;0.092170
6505;0.092114
6506;0.092058
6507;0.092002
6508;0.091946
6509;0.091891
6510;0.091835
6511;0.091779
6512;0.091724
6513;0.091668
6514;0.091613
6515;0.091557
6516;0.091501
6517;0.091445
6518;0.091387
6519;0.091329
6520;0.091271
6521;0.091212
6522;0.091153
6523;0.091094
6524;0.091036
6525;0.090977
6526;0.090918
6527;0.090859
6528;0.090800
6529;0.090742
6530;0.090683
6531;0.090624
6532;0.090566
6533;0.090507
6534;0.090449
6535;0.090390
6536;0.090332
6537;0.090273
6538;0.090215
6539;0.090156
6540;0.090097
6541;0.090037
6542;0.089978
6543;0.089919
6544;0.089859
6545;0.089800
6546;0.089741
6547;0.089683
6548;0.089624
6549;0.089566
6550;0.089508
6551;0.089450
6552;0.089392
6553;0.089334
6554;0.089276
6555;0.089218
6556;0.089159
6557;0.089101
6558;0.089043
6559;0.088985
6560;0.088928
6561;0.088870
6562;0.088813
6563;0.088756
6564;0.088700
6565;0.088644
6566;0.088588
6567;0.088532
6568;0.088477
6569;0.088422
6570;0.088368
6571;0.088313
6572;0.088259
6573;0.088204
6574;0.088150
6575;0.088096
6576;0.088042
6577;0.087988
6578;0.087934
6579;0.087880
6580;0.087826
6581;0.087773
6582;0.087719
6583;0.087666
6584;0.087613
6585;0.087561
6586;0.087508
6587;0.087456
6588;0.087405
6589;0.087353
6590;0.087302
6591;0.087251
6592;0.087200
6593;0.087149
6594;0.087098
6595;0.087047
6596;0.086996
6597;0.086945
6598;0.086894
6599;0.086843
6600;0.086792
6601;0.086742
6602;0.086692
6603;0.086642
6604;0.086592
6605;0.086542
6606;0.086492
6607;0.086443
6608;0.086393
6609;0.086344
6610;0.086295
6611;0.086246
6612;0.086196
6613;0.086147
6614;0.086098
6615;0.086049
6616;0.086000
6617;0.085950
6618;0.085901
6619;0.085852
6620;0.085803
6621;0.085755
6622;0.085707
6623;0.085659
6624;0.085612
6625;0.085565
6626;0.085519
6627;0.085473
6628;0.085427
6629;0.085381
6630;0.085336
6631;0.085290
6632;0.085246
6633;0.085201
6634;0.085157
6635;0.085113
6636;0.085070
6637;0.085028
6638;0.084986
6639;0.084944
6640;0.084903
6641;0.084863
6642;0.084823
6643;0.084784
6644;0.084745
6645;0.084706
6646;0.084667
6647;0.084629
6648;0.084591
6649;0.084554
6650;0.084517
6651;0.084480
6652;0.084445
6653;0.084409
6654;0.084375
6655;0.084341
6656;0.084308
6657;0.084276
6658;0.084244
6659;0.084213
6660;0.084183
6661;0.084153
6662;0.084124
6663;0.084095
6664;0.084067
6665;0.084039
6666;0.084012
6667;0.083986
6668;0.083960
6669;0.083934
6670;0.083910
6671;0.083886
6672;0.083863
6673;0.083840
6674;0.083818
6675;0.083798
6676;0.083778
6677;0.083758
6678;0.083740
6679;0.083722
6680;0.083704
6681;0.083688
6682;0.083672
6683;0.083656
6684;0.083641
6685;0.083627
6686;0.083613
6687;0.083600
6688;0.083587
6689;0.083575
6690;0.083564
6691;0.083554
6692;0.083545
6693;0.083536
6694;0.083529
6695;0.083522
6696;0.083516
6697;0.083511
6698;0.083506
6699;0.083503
6700;0.083500
6701;0.083497
6702;0.083496
6703;0.083495
6704;0.083495
6705;0.083495
6706;0.083497
6707;0.083499
6708;0.083502
6709;0.083505
6710;0.083510
6711;0.083515
6712;0.083521
6713;0.083528
6714;0.083536
6715;0.083545
6716;0.083555
6717;0.083565
6718;0.083576
6719;0.083589
6720;0.083602
6721;0.083615
6722;0.083630
6723;0.083646
6724;0.083662
6725;0.083679
6726;0.083697
6727;0.083716
6728;0.083735
6729;0.083756
6730;0.083777
6731;0.083799
6732;0.083823
6733;0.083847
6734;0.083872
6735;0.083898
6736;0.083925
6737;0.083953
6738;0.083981
6739;0.084011
6740;0.084041
6741;0.084072
6742;0.084104
6743;0.084137
6744;0.084171
6745;0.084206
6746;0.084242
6747;0.084279
6748;0.084317
6749;0.084356
6750;0.084396
6751;0.084437
6752;0.084480
6753;0.084523
6754;0.084567
6755;0.084612
6756;0.084658
6757;0.084705
6758;0.084753
6759;0.084801
6760;0.084851
6761;0.084902
6762;0.084953
6763;0.085006
6764;0.085060
6765;0.085115
6766;0.085172
6767;0.085229
6768;0.085288
6769;0.085348
6770;0.085409
6771;0.085470
6772;0.085533
6773;0.085597
6774;0.085661
6775;0.085727
6776;0.085793
6777;0.085861
6778;0.085929
6779;0.085999
6780;0.086070
6781;0.086142
6782;0.086215
6783;0.086289
6784;0.086365
6785;0.086442
6786;0.086521
6787;0.086601
6788;0.086682
6789;0.086764
6790;0.086847
6791;0.086931
6792;0.087016
6793;0.087102
6794;0.087190
6795;0.087278
6796;0.087367
6797;0.087457
6798;0.087549
6799;0.087642
6800;0.087736
6801;0.087831
6802;0.087928
6803;0.088026
6804;0.088126
6805;0.088227
6806;0.088330
6807;0.088433
6808;0.088538
6809;0.088644
6810;0.088751
6811;0.088859
6812;0.088968
6813;0.089079
6814;0.089191
6815;0.089304
6816;0.089418
6817;0.089534
6818;0.089651
6819;0.089770
6820;0.089890
6821;0.090013
6822;0.090137
6823;0.090263
6824;0.090390
6825;0.090519
6826;0.090650
6827;0.090783
6828;0.090917
6829;0.091052
6830;0.091189
6831;0.091328
6832;0.091468
6833;0.091609
6834;0.091752
6835;0.091896
6836;0.092042
6837;0.092190
6838;0.092339
6839;0.092490
6840;0.092642
6841;0.092796
6842;0.092952
6843;0.093110
6844;0.093268
6845;0.093429
6846;0.093590
6847;0.093753
6848;0.093917
6849;0.094082
6850;0.094247
6851;0.094414
6852;0.094582
6853;0.094751
6854;0.094922
6855;0.095093
6856;0.095265
6857;0.095439
6858;0.095614
6859;0.095790
6860;0.095967
6861;0.096145
6862;0.096325
6863;0.096506
6864;0.096688
6865;0.096871
6866;0.097054
6867;0.097239
6868;0.097425
6869;0.097613
6870;0.097801
6871;0.097991
6872;0.098182
6873;0.098375
6874;0.098569
6875;0.098766
6876;0.098964
6877;0.099164
6878;0.099366
6879;0.099570
6880;0.099776
6881;0.099983
6882;0.100192
6883;0.100402
6884;0.100614
6885;0.100827
6886;0.101042
6887;0.101258
6888;0.101476
6889;0.101696
6890;0.101917
6891;0.102139
6892;0.102363
6893;0.102589
6894;0.102817
6895;0.103046
6896;0.103277
6897;0.103508
6898;0.103740
6899;0.103973
6900;0.104207
6901;0.104440
6902;0.104672
6903;0.104904
6904;0.105137
6905;0.105368
6906;0.105600
6907;0.105831
6908;0.106062
6909;0.106293
6910;0.106523
6911;0.106754
6912;0.106984
6913;0.107214
6914;0.107443
6915;0.107672
6916;0.107901
6917;0.108129
6918;0.108356
6919;0.108582
6920;0.108807
6921;0.109030
6922;0.109253
6923;0.109475
6924;0.109696
6925;0.109916
6926;0.110135
6927;0.110353
6928;0.110570
6929;0.110785
6930;0.110999
6931;0.111211
6932;0.111422
6933;0.111631
6934;0.111837
6935;0.112042
6936;0.112244
6937;0.112442
6938;0.112638
6939;0.112831
6940;0.113020
6941;0.113207
6942;0.113390
6943;0.113569
6944;0.113744
6945;0.113916
6946;0.114084
6947;0.114246
6948;0.114405
6949;0.114558
6950;0.114705
6951;0.114845
6952;0.114977
6953;0.115097
6954;0.115198
6955;0.115263
6956;0.115283
6957;0.115265
6958;0.115218
6959;0.115148
6960;0.115062
6961;0.114963
6962;0.114856
6963;0.114740
6964;0.114618
6965;0.114489
6966;0.114354
6967;0.114213
6968;0.114065
6969;0.113912
6970;0.113754
6971;0.113591
6972;0.113422
6973;0.113250
6974;0.113072
6975;0.112890
6976;0.112704
6977;0.112514
6978;0.112320
6979;0.112122
6980;0.111921
6981;0.111717
6982;0.111511
6983;0.111302
6984;0.111091
6985;0.110877
6986;0.110662
6987;0.110444
6988;0.110224
6989;0.110003
6990;0.109779
6991;0.109554
6992;0.109327
6993;0.109098
6994;0.108867
6995;0.108634
6996;0.108399
6997;0.108162
6998;0.107925
6999;0.107686
